#	Label	BJD_TDB	rel_flux_T1	rel_flux_err_T1
1	Processed_l20160825-233458-V0645_Cen-I.fit	2457626.483194	0.117797	0.000103
2	Processed_l20160825-233530-V0645_Cen-I.fit	2457626.483564	0.118428	0.000105
3	Processed_l20160825-233659-V0645_Cen-I.fit	2457626.484595	0.116922	0.000103
4	Processed_l20160825-233727-V0645_Cen-I.fit	2457626.484919	0.119254	0.000104
5	Processed_l20160825-233754-V0645_Cen-I.fit	2457626.485231	0.116503	0.000102
6	Processed_l20160825-233822-V0645_Cen-I.fit	2457626.485555	0.114774	0.000102
7	Processed_l20160825-233849-V0645_Cen-I.fit	2457626.485879	0.115791	0.000102
8	Processed_l20160825-233917-V0645_Cen-I.fit	2457626.486192	0.115770	0.000102
9	Processed_l20160825-233945-V0645_Cen-I.fit	2457626.486516	0.117701	0.000103
10	Processed_l20160825-234012-V0645_Cen-I.fit	2457626.486828	0.116613	0.000103
11	Processed_l20160825-234040-V0645_Cen-I.fit	2457626.487152	0.117415	0.000103
12	Processed_l20160825-234107-V0645_Cen-I.fit	2457626.487465	0.117923	0.000104
13	Processed_l20160825-234135-V0645_Cen-I.fit	2457626.487789	0.116645	0.000102
14	Processed_l20160825-234202-V0645_Cen-I.fit	2457626.488101	0.118978	0.000104
15	Processed_l20160825-234230-V0645_Cen-I.fit	2457626.488425	0.116031	0.000102
16	Processed_l20160825-234257-V0645_Cen-I.fit	2457626.488738	0.116857	0.000102
17	Processed_l20160825-234325-V0645_Cen-I.fit	2457626.489062	0.116589	0.000102
18	Processed_l20160825-234353-V0645_Cen-I.fit	2457626.489386	0.118536	0.000104
19	Processed_l20160825-234420-V0645_Cen-I.fit	2457626.489698	0.117912	0.000102
20	Processed_l20160825-234448-V0645_Cen-I.fit	2457626.490022	0.118736	0.000103
21	Processed_l20160825-234515-V0645_Cen-I.fit	2457626.490335	0.118239	0.000103
22	Processed_l20160825-234543-V0645_Cen-I.fit	2457626.490659	0.117140	0.000102
23	Processed_l20160825-234610-V0645_Cen-I.fit	2457626.490971	0.117060	0.000101
24	Processed_l20160825-234638-V0645_Cen-I.fit	2457626.491295	0.118056	0.000102
25	Processed_l20160825-234705-V0645_Cen-I.fit	2457626.491619	0.116594	0.000102
26	Processed_l20160825-234733-V0645_Cen-I.fit	2457626.491932	0.117567	0.000103
27	Processed_l20160825-234800-V0645_Cen-I.fit	2457626.492256	0.117297	0.000102
28	Processed_l20160825-234828-V0645_Cen-I.fit	2457626.492568	0.118936	0.000103
29	Processed_l20160825-234855-V0645_Cen-I.fit	2457626.492893	0.118453	0.000102
30	Processed_l20160825-234923-V0645_Cen-I.fit	2457626.493205	0.117441	0.000101
31	Processed_l20160825-234951-V0645_Cen-I.fit	2457626.493529	0.117491	0.000102
32	Processed_l20160825-235018-V0645_Cen-I.fit	2457626.493842	0.115969	0.000100
33	Processed_l20160825-235046-V0645_Cen-I.fit	2457626.494166	0.115862	0.000101
34	Processed_l20160825-235113-V0645_Cen-I.fit	2457626.494478	0.115323	0.000101
35	Processed_l20160825-235141-V0645_Cen-I.fit	2457626.494802	0.114787	0.000101
36	Processed_l20160825-235209-V0645_Cen-I.fit	2457626.495126	0.113752	0.000100
37	Processed_l20160825-235236-V0645_Cen-I.fit	2457626.495439	0.116418	0.000102
38	Processed_l20160825-235304-V0645_Cen-I.fit	2457626.495763	0.115356	0.000100
39	Processed_l20160825-235331-V0645_Cen-I.fit	2457626.496075	0.115798	0.000101
40	Processed_l20160825-235359-V0645_Cen-I.fit	2457626.496399	0.114995	0.000101
41	Processed_l20160825-235426-V0645_Cen-I.fit	2457626.496712	0.115803	0.000101
42	Processed_l20160825-235454-V0645_Cen-I.fit	2457626.497036	0.116763	0.000100
43	Processed_l20160825-235521-V0645_Cen-I.fit	2457626.497360	0.116524	0.000102
44	Processed_l20160825-235549-V0645_Cen-I.fit	2457626.497672	0.118596	0.000102
45	Processed_l20160825-235616-V0645_Cen-I.fit	2457626.497985	0.117278	0.000102
46	Processed_l20160825-235644-V0645_Cen-I.fit	2457626.498309	0.117518	0.000103
47	Processed_l20160825-235712-V0645_Cen-I.fit	2457626.498633	0.117927	0.000103
48	Processed_l20160825-235739-V0645_Cen-I.fit	2457626.498945	0.117164	0.000103
49	Processed_l20160825-235807-V0645_Cen-I.fit	2457626.499269	0.116717	0.000103
50	Processed_l20160825-235834-V0645_Cen-I.fit	2457626.499582	0.115082	0.000101
51	Processed_l20160825-235902-V0645_Cen-I.fit	2457626.499906	0.117092	0.000102
52	Processed_l20160825-235929-V0645_Cen-I.fit	2457626.500230	0.119154	0.000102
53	Processed_l20160825-235957-V0645_Cen-I.fit	2457626.500542	0.117971	0.000101
54	Processed_l20160826-000025-V0645_Cen-I.fit	2457626.500867	0.118764	0.000103
55	Processed_l20160826-000052-V0645_Cen-I.fit	2457626.501179	0.117777	0.000103
56	Processed_l20160826-000120-V0645_Cen-I.fit	2457626.501503	0.115862	0.000102
57	Processed_l20160826-000147-V0645_Cen-I.fit	2457626.501816	0.117892	0.000103
58	Processed_l20160826-000215-V0645_Cen-I.fit	2457626.502140	0.118339	0.000103
59	Processed_l20160826-000243-V0645_Cen-I.fit	2457626.502464	0.115936	0.000102
60	Processed_l20160826-000310-V0645_Cen-I.fit	2457626.502776	0.118979	0.000102
61	Processed_l20160826-000338-V0645_Cen-I.fit	2457626.503100	0.118078	0.000103
62	Processed_l20160826-000405-V0645_Cen-I.fit	2457626.503424	0.119193	0.000103
63	Processed_l20160826-000433-V0645_Cen-I.fit	2457626.503737	0.117510	0.000102
64	Processed_l20160826-000501-V0645_Cen-I.fit	2457626.504061	0.118066	0.000103
65	Processed_l20160826-000528-V0645_Cen-I.fit	2457626.504373	0.120309	0.000103
66	Processed_l20160826-000556-V0645_Cen-I.fit	2457626.504697	0.116989	0.000102
67	Processed_l20160826-000623-V0645_Cen-I.fit	2457626.505010	0.119006	0.000103
68	Processed_l20160826-000651-V0645_Cen-I.fit	2457626.505334	0.117496	0.000102
69	Processed_l20160826-000718-V0645_Cen-I.fit	2457626.505646	0.116798	0.000102
70	Processed_l20160826-000746-V0645_Cen-I.fit	2457626.505970	0.117319	0.000102
71	Processed_l20160826-000814-V0645_Cen-I.fit	2457626.506294	0.116565	0.000102
72	Processed_l20160826-000841-V0645_Cen-I.fit	2457626.506607	0.118101	0.000102
73	Processed_l20160826-000909-V0645_Cen-I.fit	2457626.506931	0.117054	0.000101
74	Processed_l20160826-000936-V0645_Cen-I.fit	2457626.507243	0.116126	0.000102
75	Processed_l20160826-001004-V0645_Cen-I.fit	2457626.507567	0.115479	0.000101
76	Processed_l20160826-001032-V0645_Cen-I.fit	2457626.507891	0.114699	0.000102
77	Processed_l20160826-001059-V0645_Cen-I.fit	2457626.508204	0.116801	0.000102
78	Processed_l20160826-001127-V0645_Cen-I.fit	2457626.508528	0.118648	0.000104
79	Processed_l20160826-001154-V0645_Cen-I.fit	2457626.508840	0.119426	0.000104
80	Processed_l20160826-001222-V0645_Cen-I.fit	2457626.509165	0.117861	0.000103
81	Processed_l20160826-001250-V0645_Cen-I.fit	2457626.509489	0.121309	0.000105
82	Processed_l20160826-001317-V0645_Cen-I.fit	2457626.509801	0.119065	0.000104
83	Processed_l20160826-001345-V0645_Cen-I.fit	2457626.510125	0.117710	0.000103
84	Processed_l20160826-001412-V0645_Cen-I.fit	2457626.510438	0.116517	0.000103
85	Processed_l20160826-001440-V0645_Cen-I.fit	2457626.510762	0.119280	0.000103
86	Processed_l20160826-001508-V0645_Cen-I.fit	2457626.511086	0.116397	0.000103
87	Processed_l20160826-001535-V0645_Cen-I.fit	2457626.511398	0.118946	0.000103
88	Processed_l20160826-001603-V0645_Cen-I.fit	2457626.511722	0.118575	0.000103
89	Processed_l20160826-001630-V0645_Cen-I.fit	2457626.512035	0.114425	0.000101
90	Processed_l20160826-001658-V0645_Cen-I.fit	2457626.512359	0.114749	0.000101
91	Processed_l20160826-001725-V0645_Cen-I.fit	2457626.512671	0.113920	0.000100
92	Processed_l20160826-001753-V0645_Cen-I.fit	2457626.512995	0.112616	0.000101
93	Processed_l20160826-001820-V0645_Cen-I.fit	2457626.513308	0.111671	0.000100
94	Processed_l20160826-001848-V0645_Cen-I.fit	2457626.513632	0.114474	0.000100
95	Processed_l20160826-001915-V0645_Cen-I.fit	2457626.513944	0.116030	0.000102
96	Processed_l20160826-001943-V0645_Cen-I.fit	2457626.514268	0.116448	0.000102
97	Processed_l20160826-002010-V0645_Cen-I.fit	2457626.514581	0.116639	0.000102
98	Processed_l20160826-002038-V0645_Cen-I.fit	2457626.514905	0.118005	0.000103
99	Processed_l20160826-002105-V0645_Cen-I.fit	2457626.515217	0.118028	0.000103
100	Processed_l20160826-002133-V0645_Cen-I.fit	2457626.515541	0.118961	0.000103
101	Processed_l20160826-002200-V0645_Cen-I.fit	2457626.515865	0.118907	0.000102
102	Processed_l20160826-002228-V0645_Cen-I.fit	2457626.516178	0.115196	0.000101
103	Processed_l20160826-002256-V0645_Cen-I.fit	2457626.516502	0.114121	0.000100
104	Processed_l20160826-002324-V0645_Cen-I.fit	2457626.516838	0.118224	0.000101
105	Processed_l20160826-002352-V0645_Cen-I.fit	2457626.517150	0.115799	0.000101
106	Processed_l20160826-002419-V0645_Cen-I.fit	2457626.517474	0.116014	0.000101
107	Processed_l20160826-002447-V0645_Cen-I.fit	2457626.517787	0.117088	0.000102
108	Processed_l20160826-002514-V0645_Cen-I.fit	2457626.518111	0.117432	0.000102
109	Processed_l20160826-002542-V0645_Cen-I.fit	2457626.518423	0.116168	0.000102
110	Processed_l20160826-002610-V0645_Cen-I.fit	2457626.518747	0.115067	0.000101
111	Processed_l20160826-002637-V0645_Cen-I.fit	2457626.519060	0.115071	0.000102
112	Processed_l20160826-002705-V0645_Cen-I.fit	2457626.519384	0.112399	0.000100
113	Processed_l20160826-002732-V0645_Cen-I.fit	2457626.519696	0.113937	0.000102
114	Processed_l20160826-002800-V0645_Cen-I.fit	2457626.520020	0.117585	0.000103
115	Processed_l20160826-002828-V0645_Cen-I.fit	2457626.520344	0.119154	0.000103
116	Processed_l20160826-002855-V0645_Cen-I.fit	2457626.520657	0.121228	0.000105
117	Processed_l20160826-002923-V0645_Cen-I.fit	2457626.520981	0.119746	0.000103
118	Processed_l20160826-002950-V0645_Cen-I.fit	2457626.521293	0.118988	0.000102
119	Processed_l20160826-003018-V0645_Cen-I.fit	2457626.521617	0.116823	0.000102
120	Processed_l20160826-003045-V0645_Cen-I.fit	2457626.521930	0.113150	0.000100
121	Processed_l20160826-003113-V0645_Cen-I.fit	2457626.522254	0.116643	0.000101
122	Processed_l20160826-003140-V0645_Cen-I.fit	2457626.522566	0.115851	0.000102
123	Processed_l20160826-003208-V0645_Cen-I.fit	2457626.522890	0.114561	0.000101
124	Processed_l20160826-003235-V0645_Cen-I.fit	2457626.523203	0.114177	0.000101
125	Processed_l20160826-003303-V0645_Cen-I.fit	2457626.523527	0.114643	0.000100
126	Processed_l20160826-003331-V0645_Cen-I.fit	2457626.523851	0.117763	0.000102
127	Processed_l20160826-003358-V0645_Cen-I.fit	2457626.524164	0.116197	0.000102
128	Processed_l20160826-003426-V0645_Cen-I.fit	2457626.524488	0.117371	0.000103
129	Processed_l20160826-003453-V0645_Cen-I.fit	2457626.524812	0.117158	0.000102
130	Processed_l20160826-003521-V0645_Cen-I.fit	2457626.525124	0.117296	0.000102
131	Processed_l20160826-003549-V0645_Cen-I.fit	2457626.525448	0.118012	0.000102
132	Processed_l20160826-003616-V0645_Cen-I.fit	2457626.525761	0.114313	0.000101
133	Processed_l20160826-003644-V0645_Cen-I.fit	2457626.526085	0.117783	0.000103
134	Processed_l20160826-003712-V0645_Cen-I.fit	2457626.526409	0.120720	0.000104
135	Processed_l20160826-003739-V0645_Cen-I.fit	2457626.526721	0.118309	0.000104
136	Processed_l20160826-003807-V0645_Cen-I.fit	2457626.527045	0.119549	0.000104
137	Processed_l20160826-003834-V0645_Cen-I.fit	2457626.527358	0.118500	0.000103
138	Processed_l20160826-003902-V0645_Cen-I.fit	2457626.527682	0.119177	0.000104
139	Processed_l20160826-003929-V0645_Cen-I.fit	2457626.527994	0.117936	0.000103
140	Processed_l20160826-003957-V0645_Cen-I.fit	2457626.528318	0.118155	0.000104
141	Processed_l20160826-004024-V0645_Cen-I.fit	2457626.528631	0.115732	0.000103
142	Processed_l20160826-004052-V0645_Cen-I.fit	2457626.528955	0.117511	0.000103
143	Processed_l20160826-004119-V0645_Cen-I.fit	2457626.529267	0.114264	0.000101
144	Processed_l20160826-004147-V0645_Cen-I.fit	2457626.529591	0.115033	0.000101
145	Processed_l20160826-004214-V0645_Cen-I.fit	2457626.529904	0.115319	0.000101
146	Processed_l20160826-004242-V0645_Cen-I.fit	2457626.530228	0.116791	0.000102
147	Processed_l20160826-004309-V0645_Cen-I.fit	2457626.530540	0.120492	0.000104
148	Processed_l20160826-004337-V0645_Cen-I.fit	2457626.530864	0.117826	0.000102
149	Processed_l20160826-004404-V0645_Cen-I.fit	2457626.531177	0.118853	0.000103
150	Processed_l20160826-004432-V0645_Cen-I.fit	2457626.531501	0.118399	0.000103
151	Processed_l20160826-004505-V0645_Cen-I.fit	2457626.531883	0.118640	0.000102
152	Processed_l20160826-004532-V0645_Cen-I.fit	2457626.532195	0.115488	0.000101
153	Processed_l20160826-004600-V0645_Cen-I.fit	2457626.532531	0.114628	0.000100
154	Processed_l20160826-004628-V0645_Cen-I.fit	2457626.532843	0.117321	0.000101
155	Processed_l20160826-004656-V0645_Cen-I.fit	2457626.533168	0.116138	0.000100
156	Processed_l20160826-004723-V0645_Cen-I.fit	2457626.533480	0.118471	0.000101
157	Processed_l20160826-004751-V0645_Cen-I.fit	2457626.533804	0.119935	0.000102
158	Processed_l20160826-004818-V0645_Cen-I.fit	2457626.534117	0.119401	0.000101
159	Processed_l20160826-004846-V0645_Cen-I.fit	2457626.534441	0.118011	0.000101
160	Processed_l20160826-004913-V0645_Cen-I.fit	2457626.534753	0.117890	0.000101
161	Processed_l20160826-004941-V0645_Cen-I.fit	2457626.535077	0.113131	0.000100
162	Processed_l20160826-005008-V0645_Cen-I.fit	2457626.535390	0.117801	0.000102
163	Processed_l20160826-005036-V0645_Cen-I.fit	2457626.535714	0.118905	0.000102
164	Processed_l20160826-005103-V0645_Cen-I.fit	2457626.536026	0.116536	0.000101
165	Processed_l20160826-005131-V0645_Cen-I.fit	2457626.536350	0.119098	0.000103
166	Processed_l20160826-005158-V0645_Cen-I.fit	2457626.536663	0.117651	0.000100
167	Processed_l20160826-005226-V0645_Cen-I.fit	2457626.536987	0.119609	0.000101
168	Processed_l20160826-005254-V0645_Cen-I.fit	2457626.537311	0.116159	0.000100
169	Processed_l20160826-005321-V0645_Cen-I.fit	2457626.537623	0.116994	0.000102
170	Processed_l20160826-005349-V0645_Cen-I.fit	2457626.537947	0.117663	0.000103
171	Processed_l20160826-005416-V0645_Cen-I.fit	2457626.538260	0.116871	0.000101
172	Processed_l20160826-005444-V0645_Cen-I.fit	2457626.538584	0.116325	0.000101
173	Processed_l20160826-005511-V0645_Cen-I.fit	2457626.538896	0.117530	0.000101
174	Processed_l20160826-005539-V0645_Cen-I.fit	2457626.539220	0.117350	0.000102
175	Processed_l20160826-005606-V0645_Cen-I.fit	2457626.539533	0.117877	0.000102
176	Processed_l20160826-005634-V0645_Cen-I.fit	2457626.539857	0.116553	0.000102
177	Processed_l20160826-005701-V0645_Cen-I.fit	2457626.540169	0.116741	0.000101
178	Processed_l20160826-005729-V0645_Cen-I.fit	2457626.540493	0.115901	0.000102
179	Processed_l20160826-005757-V0645_Cen-I.fit	2457626.540817	0.118340	0.000102
180	Processed_l20160826-005824-V0645_Cen-I.fit	2457626.541130	0.116238	0.000101
181	Processed_l20160826-005852-V0645_Cen-I.fit	2457626.541454	0.116809	0.000102
182	Processed_l20160826-005919-V0645_Cen-I.fit	2457626.541766	0.116155	0.000101
183	Processed_l20160826-005947-V0645_Cen-I.fit	2457626.542091	0.119048	0.000102
184	Processed_l20160826-010015-V0645_Cen-I.fit	2457626.542415	0.116986	0.000101
185	Processed_l20160826-010042-V0645_Cen-I.fit	2457626.542727	0.119242	0.000102
186	Processed_l20160826-010110-V0645_Cen-I.fit	2457626.543051	0.117268	0.000102
187	Processed_l20160826-010137-V0645_Cen-I.fit	2457626.543375	0.116585	0.000101
188	Processed_l20160826-010205-V0645_Cen-I.fit	2457626.543688	0.118351	0.000102
189	Processed_l20160826-010233-V0645_Cen-I.fit	2457626.544012	0.117889	0.000102
190	Processed_l20160826-010300-V0645_Cen-I.fit	2457626.544324	0.116818	0.000100
191	Processed_l20160826-010328-V0645_Cen-I.fit	2457626.544648	0.117963	0.000101
192	Processed_l20160826-010356-V0645_Cen-I.fit	2457626.544972	0.116787	0.000102
193	Processed_l20160826-010423-V0645_Cen-I.fit	2457626.545285	0.117810	0.000100
194	Processed_l20160826-010451-V0645_Cen-I.fit	2457626.545609	0.118990	0.000101
195	Processed_l20160826-010519-V0645_Cen-I.fit	2457626.545933	0.116329	0.000100
196	Processed_l20160826-010546-V0645_Cen-I.fit	2457626.546245	0.117480	0.000099
197	Processed_l20160826-010614-V0645_Cen-I.fit	2457626.546569	0.117016	0.000101
198	Processed_l20160826-010641-V0645_Cen-I.fit	2457626.546893	0.117291	0.000100
199	Processed_l20160826-010709-V0645_Cen-I.fit	2457626.547206	0.116966	0.000101
200	Processed_l20160826-010859-V0645_Cen-I.fit	2457626.548479	0.117789	0.000101
201	Processed_l20160826-010954-V0645_Cen-I.fit	2457626.549127	0.117992	0.000102
202	Processed_l20160826-011022-V0645_Cen-I.fit	2457626.549440	0.117885	0.000103
203	Processed_l20160826-011050-V0645_Cen-I.fit	2457626.549764	0.116115	0.000101
204	Processed_l20160826-011117-V0645_Cen-I.fit	2457626.550076	0.117992	0.000103
205	Processed_l20160826-011145-V0645_Cen-I.fit	2457626.550400	0.117617	0.000103
206	Processed_l20160826-011212-V0645_Cen-I.fit	2457626.550713	0.113982	0.000099
207	Processed_l20160826-011240-V0645_Cen-I.fit	2457626.551037	0.115865	0.000101
208	Processed_l20160826-011307-V0645_Cen-I.fit	2457626.551349	0.115739	0.000099
209	Processed_l20160826-011335-V0645_Cen-I.fit	2457626.551673	0.116948	0.000101
210	Processed_l20160826-011402-V0645_Cen-I.fit	2457626.551986	0.116587	0.000101
211	Processed_l20160826-011430-V0645_Cen-I.fit	2457626.552310	0.114740	0.000101
212	Processed_l20160826-011457-V0645_Cen-I.fit	2457626.552634	0.118151	0.000102
213	Processed_l20160826-011525-V0645_Cen-I.fit	2457626.552946	0.117860	0.000101
214	Processed_l20160826-011552-V0645_Cen-I.fit	2457626.553259	0.117222	0.000100
215	Processed_l20160826-011620-V0645_Cen-I.fit	2457626.553583	0.118090	0.000102
216	Processed_l20160826-011647-V0645_Cen-I.fit	2457626.553907	0.118076	0.000102
217	Processed_l20160826-011715-V0645_Cen-I.fit	2457626.554219	0.118827	0.000102
218	Processed_l20160826-011742-V0645_Cen-I.fit	2457626.554543	0.118031	0.000101
219	Processed_l20160826-011810-V0645_Cen-I.fit	2457626.554856	0.118304	0.000102
220	Processed_l20160826-011837-V0645_Cen-I.fit	2457626.555180	0.115238	0.000101
221	Processed_l20160826-011905-V0645_Cen-I.fit	2457626.555492	0.115468	0.000101
222	Processed_l20160826-011933-V0645_Cen-I.fit	2457626.555816	0.114970	0.000101
223	Processed_l20160826-012000-V0645_Cen-I.fit	2457626.556129	0.117167	0.000102
224	Processed_l20160826-012028-V0645_Cen-I.fit	2457626.556453	0.118062	0.000102
225	Processed_l20160826-012055-V0645_Cen-I.fit	2457626.556765	0.117783	0.000103
226	Processed_l20160826-012123-V0645_Cen-I.fit	2457626.557089	0.117621	0.000102
227	Processed_l20160826-012150-V0645_Cen-I.fit	2457626.557402	0.117809	0.000102
228	Processed_l20160826-012218-V0645_Cen-I.fit	2457626.557726	0.117922	0.000103
229	Processed_l20160826-012246-V0645_Cen-I.fit	2457626.558050	0.116463	0.000102
230	Processed_l20160826-012313-V0645_Cen-I.fit	2457626.558363	0.116168	0.000101
231	Processed_l20160826-012341-V0645_Cen-I.fit	2457626.558687	0.116768	0.000100
232	Processed_l20160826-012408-V0645_Cen-I.fit	2457626.558999	0.116779	0.000100
233	Processed_l20160826-012436-V0645_Cen-I.fit	2457626.559323	0.117489	0.000101
234	Processed_l20160826-012503-V0645_Cen-I.fit	2457626.559647	0.117162	0.000101
235	Processed_l20160826-012531-V0645_Cen-I.fit	2457626.559960	0.117475	0.000103
236	Processed_l20160826-012558-V0645_Cen-I.fit	2457626.560272	0.116805	0.000102
237	Processed_l20160826-012626-V0645_Cen-I.fit	2457626.560596	0.114508	0.000101
238	Processed_l20160826-012654-V0645_Cen-I.fit	2457626.560920	0.114810	0.000100
239	Processed_l20160826-012721-V0645_Cen-I.fit	2457626.561233	0.116039	0.000101
240	Processed_l20160826-012749-V0645_Cen-I.fit	2457626.561557	0.117693	0.000103
241	Processed_l20160826-012816-V0645_Cen-I.fit	2457626.561869	0.115471	0.000100
242	Processed_l20160826-012844-V0645_Cen-I.fit	2457626.562193	0.117416	0.000103
243	Processed_l20160826-012912-V0645_Cen-I.fit	2457626.562517	0.115819	0.000101
244	Processed_l20160826-012939-V0645_Cen-I.fit	2457626.562830	0.115007	0.000101
245	Processed_l20160826-013007-V0645_Cen-I.fit	2457626.563154	0.117038	0.000102
246	Processed_l20160826-013034-V0645_Cen-I.fit	2457626.563466	0.116669	0.000102
247	Processed_l20160826-013102-V0645_Cen-I.fit	2457626.563790	0.117048	0.000101
248	Processed_l20160826-013129-V0645_Cen-I.fit	2457626.564114	0.117138	0.000101
249	Processed_l20160826-013157-V0645_Cen-I.fit	2457626.564427	0.117070	0.000101
250	Processed_l20160826-013225-V0645_Cen-I.fit	2457626.564751	0.117133	0.000102
251	Processed_l20160826-013252-V0645_Cen-I.fit	2457626.565063	0.116704	0.000102
252	Processed_l20160826-013320-V0645_Cen-I.fit	2457626.565387	0.114485	0.000101
253	Processed_l20160826-013347-V0645_Cen-I.fit	2457626.565712	0.114482	0.000100
254	Processed_l20160826-013415-V0645_Cen-I.fit	2457626.566024	0.115283	0.000100
255	Processed_l20160826-013443-V0645_Cen-I.fit	2457626.566348	0.117522	0.000101
256	Processed_l20160826-013510-V0645_Cen-I.fit	2457626.566661	0.115277	0.000101
257	Processed_l20160826-013538-V0645_Cen-I.fit	2457626.566985	0.116214	0.000102
258	Processed_l20160826-013605-V0645_Cen-I.fit	2457626.567297	0.117604	0.000101
259	Processed_l20160826-013633-V0645_Cen-I.fit	2457626.567621	0.115728	0.000101
260	Processed_l20160826-013700-V0645_Cen-I.fit	2457626.567934	0.114616	0.000100
261	Processed_l20160826-013728-V0645_Cen-I.fit	2457626.568258	0.117103	0.000102
262	Processed_l20160826-013755-V0645_Cen-I.fit	2457626.568582	0.117725	0.000102
263	Processed_l20160826-013823-V0645_Cen-I.fit	2457626.568894	0.118537	0.000102
264	Processed_l20160826-013850-V0645_Cen-I.fit	2457626.569218	0.117588	0.000101
265	Processed_l20160826-013918-V0645_Cen-I.fit	2457626.569531	0.117498	0.000102
266	Processed_l20160826-013946-V0645_Cen-I.fit	2457626.569855	0.118364	0.000102
267	Processed_l20160826-014013-V0645_Cen-I.fit	2457626.570167	0.118089	0.000102
268	Processed_l20160826-014041-V0645_Cen-I.fit	2457626.570491	0.118086	0.000102
269	Processed_l20160826-014108-V0645_Cen-I.fit	2457626.570804	0.117095	0.000101
270	Processed_l20160826-014136-V0645_Cen-I.fit	2457626.571128	0.115496	0.000101
271	Processed_l20160826-014203-V0645_Cen-I.fit	2457626.571440	0.114963	0.000101
272	Processed_l20160826-014231-V0645_Cen-I.fit	2457626.571764	0.115873	0.000101
273	Processed_l20160826-014258-V0645_Cen-I.fit	2457626.572077	0.117052	0.000102
274	Processed_l20160826-014326-V0645_Cen-I.fit	2457626.572401	0.118344	0.000103
275	Processed_l20160826-014353-V0645_Cen-I.fit	2457626.572725	0.115009	0.000102
276	Processed_l20160826-014421-V0645_Cen-I.fit	2457626.573037	0.115886	0.000101
277	Processed_l20160826-014448-V0645_Cen-I.fit	2457626.573361	0.116432	0.000101
278	Processed_l20160826-014516-V0645_Cen-I.fit	2457626.573674	0.116435	0.000102
279	Processed_l20160826-014544-V0645_Cen-I.fit	2457626.573998	0.115746	0.000102
280	Processed_l20160826-014611-V0645_Cen-I.fit	2457626.574310	0.116430	0.000102
281	Processed_l20160826-014639-V0645_Cen-I.fit	2457626.574635	0.115498	0.000101
282	Processed_l20160826-014706-V0645_Cen-I.fit	2457626.574947	0.114246	0.000101
283	Processed_l20160826-014734-V0645_Cen-I.fit	2457626.575271	0.117307	0.000102
284	Processed_l20160826-014802-V0645_Cen-I.fit	2457626.575595	0.116709	0.000102
285	Processed_l20160826-014829-V0645_Cen-I.fit	2457626.575908	0.117872	0.000102
286	Processed_l20160826-014857-V0645_Cen-I.fit	2457626.576232	0.113301	0.000100
287	Processed_l20160826-014924-V0645_Cen-I.fit	2457626.576544	0.116497	0.000101
288	Processed_l20160826-014952-V0645_Cen-I.fit	2457626.576868	0.118129	0.000102
289	Processed_l20160826-015047-V0645_Cen-I.fit	2457626.577505	0.115781	0.000100
290	Processed_l20160826-015114-V0645_Cen-I.fit	2457626.577829	0.115152	0.000100
291	Processed_l20160826-015142-V0645_Cen-I.fit	2457626.578141	0.117322	0.000101
292	Processed_l20160826-015210-V0645_Cen-I.fit	2457626.578465	0.118680	0.000102
293	Processed_l20160826-015237-V0645_Cen-I.fit	2457626.578789	0.116886	0.000101
294	Processed_l20160826-015305-V0645_Cen-I.fit	2457626.579102	0.118394	0.000102
295	Processed_l20160826-015332-V0645_Cen-I.fit	2457626.579426	0.117607	0.000101
296	Processed_l20160826-015405-V0645_Cen-I.fit	2457626.579796	0.116633	0.000100
297	Processed_l20160826-015433-V0645_Cen-I.fit	2457626.580120	0.119583	0.000102
298	Processed_l20160826-015501-V0645_Cen-I.fit	2457626.580444	0.118309	0.000101
299	Processed_l20160826-015528-V0645_Cen-I.fit	2457626.580757	0.118239	0.000101
300	Processed_l20160826-015556-V0645_Cen-I.fit	2457626.581081	0.118188	0.000101
301	Processed_l20160826-015624-V0645_Cen-I.fit	2457626.581405	0.116388	0.000101
302	Processed_l20160826-015652-V0645_Cen-I.fit	2457626.581729	0.118661	0.000101
303	Processed_l20160826-015719-V0645_Cen-I.fit	2457626.582041	0.120123	0.000102
304	Processed_l20160826-015747-V0645_Cen-I.fit	2457626.582365	0.117387	0.000101
305	Processed_l20160826-015814-V0645_Cen-I.fit	2457626.582678	0.116221	0.000100
306	Processed_l20160826-015842-V0645_Cen-I.fit	2457626.583002	0.116053	0.000100
307	Processed_l20160826-015909-V0645_Cen-I.fit	2457626.583314	0.118223	0.000101
308	Processed_l20160826-015937-V0645_Cen-I.fit	2457626.583639	0.117809	0.000101
309	Processed_l20160826-020004-V0645_Cen-I.fit	2457626.583951	0.117588	0.000101
310	Processed_l20160826-020032-V0645_Cen-I.fit	2457626.584275	0.117720	0.000101
311	Processed_l20160826-020059-V0645_Cen-I.fit	2457626.584588	0.117402	0.000100
312	Processed_l20160826-020127-V0645_Cen-I.fit	2457626.584912	0.119782	0.000102
313	Processed_l20160826-020154-V0645_Cen-I.fit	2457626.585236	0.115560	0.000100
314	Processed_l20160826-020222-V0645_Cen-I.fit	2457626.585548	0.115242	0.000100
315	Processed_l20160826-020249-V0645_Cen-I.fit	2457626.585872	0.116747	0.000101
316	Processed_l20160826-020317-V0645_Cen-I.fit	2457626.586185	0.117983	0.000101
317	Processed_l20160826-020344-V0645_Cen-I.fit	2457626.586509	0.116076	0.000100
318	Processed_l20160826-020412-V0645_Cen-I.fit	2457626.586821	0.118754	0.000102
319	Processed_l20160826-020439-V0645_Cen-I.fit	2457626.587134	0.116923	0.000100
320	Processed_l20160826-020507-V0645_Cen-I.fit	2457626.587458	0.117084	0.000102
321	Processed_l20160826-020534-V0645_Cen-I.fit	2457626.587782	0.116478	0.000101
322	Processed_l20160826-020602-V0645_Cen-I.fit	2457626.588094	0.117478	0.000103
323	Processed_l20160826-020630-V0645_Cen-I.fit	2457626.588418	0.118066	0.000101
324	Processed_l20160826-020657-V0645_Cen-I.fit	2457626.588731	0.116912	0.000103
325	Processed_l20160826-020725-V0645_Cen-I.fit	2457626.589055	0.120015	0.000103
326	Processed_l20160826-020752-V0645_Cen-I.fit	2457626.589379	0.114936	0.000100
327	Processed_l20160826-020820-V0645_Cen-I.fit	2457626.589691	0.118796	0.000102
328	Processed_l20160826-020848-V0645_Cen-I.fit	2457626.590015	0.117126	0.000100
329	Processed_l20160826-020915-V0645_Cen-I.fit	2457626.590339	0.119803	0.000102
330	Processed_l20160826-020943-V0645_Cen-I.fit	2457626.590652	0.116703	0.000101
331	Processed_l20160826-021011-V0645_Cen-I.fit	2457626.590976	0.117711	0.000101
332	Processed_l20160826-021038-V0645_Cen-I.fit	2457626.591288	0.116669	0.000101
333	Processed_l20160826-021106-V0645_Cen-I.fit	2457626.591613	0.118130	0.000102
334	Processed_l20160826-021133-V0645_Cen-I.fit	2457626.591937	0.116844	0.000100
335	Processed_l20160826-021201-V0645_Cen-I.fit	2457626.592249	0.116122	0.000100
336	Processed_l20160826-021229-V0645_Cen-I.fit	2457626.592573	0.117275	0.000100
337	Processed_l20160826-021256-V0645_Cen-I.fit	2457626.592886	0.115714	0.000100
338	Processed_l20160826-021324-V0645_Cen-I.fit	2457626.593210	0.116132	0.000100
339	Processed_l20160826-021351-V0645_Cen-I.fit	2457626.593522	0.118003	0.000101
340	Processed_l20160826-021419-V0645_Cen-I.fit	2457626.593846	0.115227	0.000099
341	Processed_l20160826-021447-V0645_Cen-I.fit	2457626.594170	0.116004	0.000100
342	Processed_l20160826-021514-V0645_Cen-I.fit	2457626.594483	0.117931	0.000102
343	Processed_l20160826-021542-V0645_Cen-I.fit	2457626.594807	0.116463	0.000101
344	Processed_l20160826-021609-V0645_Cen-I.fit	2457626.595119	0.115560	0.000099
345	Processed_l20160826-021637-V0645_Cen-I.fit	2457626.595443	0.117481	0.000101
346	Processed_l20160826-021704-V0645_Cen-I.fit	2457626.595756	0.117313	0.000101
347	Processed_l20160826-021732-V0645_Cen-I.fit	2457626.596080	0.116958	0.000100
348	Processed_l20160826-021759-V0645_Cen-I.fit	2457626.596404	0.118143	0.000101
349	Processed_l20160826-021827-V0645_Cen-I.fit	2457626.596716	0.116568	0.000101
350	Processed_l20160826-021854-V0645_Cen-I.fit	2457626.597040	0.118712	0.000103
351	Processed_l20160826-021922-V0645_Cen-I.fit	2457626.597353	0.115800	0.000100
352	Processed_l20160826-021950-V0645_Cen-I.fit	2457626.597677	0.118514	0.000101
353	Processed_l20160826-022017-V0645_Cen-I.fit	2457626.597989	0.117127	0.000101
354	Processed_l20160826-022045-V0645_Cen-I.fit	2457626.598313	0.118279	0.000101
355	Processed_l20160826-022112-V0645_Cen-I.fit	2457626.598626	0.118090	0.000101
356	Processed_l20160826-022140-V0645_Cen-I.fit	2457626.598950	0.118579	0.000102
357	Processed_l20160826-022207-V0645_Cen-I.fit	2457626.599262	0.116150	0.000101
358	Processed_l20160826-022235-V0645_Cen-I.fit	2457626.599586	0.117296	0.000101
359	Processed_l20160826-022302-V0645_Cen-I.fit	2457626.599899	0.119487	0.000103
360	Processed_l20160826-022330-V0645_Cen-I.fit	2457626.600223	0.118610	0.000102
361	Processed_l20160826-022425-V0645_Cen-I.fit	2457626.600860	0.117708	0.000102
362	Processed_l20160826-022452-V0645_Cen-I.fit	2457626.601172	0.115868	0.000101
363	Processed_l20160826-022520-V0645_Cen-I.fit	2457626.601496	0.114195	0.000101
364	Processed_l20160826-022548-V0645_Cen-I.fit	2457626.601820	0.116395	0.000100
365	Processed_l20160826-022615-V0645_Cen-I.fit	2457626.602133	0.116340	0.000101
366	Processed_l20160826-022710-V0645_Cen-I.fit	2457626.602769	0.115849	0.000100
367	Processed_l20160826-022738-V0645_Cen-I.fit	2457626.603093	0.115880	0.000100
368	Processed_l20160826-022806-V0645_Cen-I.fit	2457626.603417	0.116221	0.000100
369	Processed_l20160826-022834-V0645_Cen-I.fit	2457626.603741	0.117450	0.000101
370	Processed_l20160826-022901-V0645_Cen-I.fit	2457626.604054	0.115910	0.000100
371	Processed_l20160826-022929-V0645_Cen-I.fit	2457626.604378	0.116387	0.000100
372	Processed_l20160826-022956-V0645_Cen-I.fit	2457626.604690	0.120444	0.000101
373	Processed_l20160826-023024-V0645_Cen-I.fit	2457626.605014	0.115783	0.000099
374	Processed_l20160826-023051-V0645_Cen-I.fit	2457626.605327	0.117337	0.000101
375	Processed_l20160826-023119-V0645_Cen-I.fit	2457626.605651	0.117933	0.000101
376	Processed_l20160826-023242-V0645_Cen-I.fit	2457626.606611	0.117910	0.000102
377	Processed_l20160826-023310-V0645_Cen-I.fit	2457626.606936	0.118579	0.000103
378	Processed_l20160826-023337-V0645_Cen-I.fit	2457626.607248	0.118254	0.000101
379	Processed_l20160826-023405-V0645_Cen-I.fit	2457626.607572	0.115818	0.000100
380	Processed_l20160826-023433-V0645_Cen-I.fit	2457626.607896	0.118815	0.000102
381	Processed_l20160826-023501-V0645_Cen-I.fit	2457626.608220	0.118894	0.000102
382	Processed_l20160826-023528-V0645_Cen-I.fit	2457626.608533	0.115715	0.000101
383	Processed_l20160826-023556-V0645_Cen-I.fit	2457626.608857	0.119012	0.000102
384	Processed_l20160826-023623-V0645_Cen-I.fit	2457626.609169	0.116334	0.000102
385	Processed_l20160826-023651-V0645_Cen-I.fit	2457626.609493	0.118756	0.000102
386	Processed_l20160826-023718-V0645_Cen-I.fit	2457626.609806	0.115837	0.000101
387	Processed_l20160826-023746-V0645_Cen-I.fit	2457626.610130	0.116535	0.000101
388	Processed_l20160826-023813-V0645_Cen-I.fit	2457626.610442	0.115598	0.000101
389	Processed_l20160826-023841-V0645_Cen-I.fit	2457626.610766	0.117942	0.000102
390	Processed_l20160826-023909-V0645_Cen-I.fit	2457626.611090	0.117077	0.000102
391	Processed_l20160826-023936-V0645_Cen-I.fit	2457626.611403	0.117194	0.000102
392	Processed_l20160826-024004-V0645_Cen-I.fit	2457626.611727	0.116055	0.000102
393	Processed_l20160826-024031-V0645_Cen-I.fit	2457626.612039	0.118316	0.000103
394	Processed_l20160826-024059-V0645_Cen-I.fit	2457626.612363	0.118458	0.000103
395	Processed_l20160826-024126-V0645_Cen-I.fit	2457626.612676	0.118591	0.000103
396	Processed_l20160826-024154-V0645_Cen-I.fit	2457626.613000	0.115267	0.000102
397	Processed_l20160826-024221-V0645_Cen-I.fit	2457626.613312	0.116038	0.000102
398	Processed_l20160826-024249-V0645_Cen-I.fit	2457626.613636	0.118090	0.000102
399	Processed_l20160826-024316-V0645_Cen-I.fit	2457626.613960	0.115816	0.000101
400	Processed_l20160826-024344-V0645_Cen-I.fit	2457626.614273	0.116147	0.000101
401	Processed_l20160826-024412-V0645_Cen-I.fit	2457626.614597	0.114285	0.000101
402	Processed_l20160826-024440-V0645_Cen-I.fit	2457626.614921	0.117050	0.000102
403	Processed_l20160826-024507-V0645_Cen-I.fit	2457626.615234	0.115890	0.000101
404	Processed_l20160826-024535-V0645_Cen-I.fit	2457626.615558	0.117652	0.000102
405	Processed_l20160826-024602-V0645_Cen-I.fit	2457626.615882	0.117915	0.000102
406	Processed_l20160826-024630-V0645_Cen-I.fit	2457626.616194	0.121368	0.000105
407	Processed_l20160826-024658-V0645_Cen-I.fit	2457626.616518	0.116726	0.000102
408	Processed_l20160826-024725-V0645_Cen-I.fit	2457626.616831	0.115181	0.000102
409	Processed_l20160826-024753-V0645_Cen-I.fit	2457626.617155	0.117008	0.000102
410	Processed_l20160826-024821-V0645_Cen-I.fit	2457626.617479	0.117782	0.000102
411	Processed_l20160826-024848-V0645_Cen-I.fit	2457626.617791	0.118811	0.000103
412	Processed_l20160826-024916-V0645_Cen-I.fit	2457626.618115	0.119251	0.000104
413	Processed_l20160826-024943-V0645_Cen-I.fit	2457626.618428	0.118736	0.000104
414	Processed_l20160826-025011-V0645_Cen-I.fit	2457626.618752	0.117357	0.000101
415	Processed_l20160826-025038-V0645_Cen-I.fit	2457626.619064	0.119081	0.000102
416	Processed_l20160826-025106-V0645_Cen-I.fit	2457626.619388	0.116287	0.000102
417	Processed_l20160826-025134-V0645_Cen-I.fit	2457626.619712	0.119156	0.000102
418	Processed_l20160826-025229-V0645_Cen-I.fit	2457626.620349	0.118010	0.000102
419	Processed_l20160826-025257-V0645_Cen-I.fit	2457626.620673	0.119076	0.000103
420	Processed_l20160826-025324-V0645_Cen-I.fit	2457626.620985	0.117979	0.000102
421	Processed_l20160826-025352-V0645_Cen-I.fit	2457626.621310	0.116764	0.000102
422	Processed_l20160826-025419-V0645_Cen-I.fit	2457626.621622	0.117773	0.000102
423	Processed_l20160826-025447-V0645_Cen-I.fit	2457626.621946	0.115320	0.000101
424	Processed_l20160826-025514-V0645_Cen-I.fit	2457626.622259	0.118489	0.000103
425	Processed_l20160826-025542-V0645_Cen-I.fit	2457626.622583	0.116932	0.000101
426	Processed_l20160826-025610-V0645_Cen-I.fit	2457626.622907	0.115640	0.000101
427	Processed_l20160826-025637-V0645_Cen-I.fit	2457626.623219	0.116259	0.000101
428	Processed_l20160826-025705-V0645_Cen-I.fit	2457626.623543	0.116968	0.000102
429	Processed_l20160826-025733-V0645_Cen-I.fit	2457626.623867	0.119261	0.000102
430	Processed_l20160826-025800-V0645_Cen-I.fit	2457626.624180	0.115936	0.000101
431	Processed_l20160826-025828-V0645_Cen-I.fit	2457626.624504	0.117204	0.000102
432	Processed_l20160826-025855-V0645_Cen-I.fit	2457626.624816	0.116196	0.000101
433	Processed_l20160826-025923-V0645_Cen-I.fit	2457626.625140	0.116583	0.000101
434	Processed_l20160826-025951-V0645_Cen-I.fit	2457626.625464	0.118620	0.000102
435	Processed_l20160826-030018-V0645_Cen-I.fit	2457626.625777	0.117964	0.000102
436	Processed_l20160826-030046-V0645_Cen-I.fit	2457626.626101	0.117789	0.000102
437	Processed_l20160826-030113-V0645_Cen-I.fit	2457626.626413	0.117294	0.000102
438	Processed_l20160826-030141-V0645_Cen-I.fit	2457626.626737	0.113582	0.000099
439	Processed_l20160826-030208-V0645_Cen-I.fit	2457626.627061	0.118227	0.000101
440	Processed_l20160826-030236-V0645_Cen-I.fit	2457626.627374	0.119524	0.000103
