2457626.483194   0.996753791   0.005260
2457626.483564   1.003394185   0.005260
2457626.484595   1.003003694   0.005260
2457626.484919   1.005952925   0.005260
2457626.485231   1.007514887   0.005260
2457626.485555   1.004540994   0.005260
2457626.485879   0.997542992   0.005260
2457626.486192   1.004590319   0.005260
2457626.486516   1.003133173   0.005260
2457626.486828   1.001088235   0.005260
2457626.487152   1.006664029   0.005260
2457626.487465   1.002058296   0.005260
2457626.487789   1.000913542   0.005260
2457626.488101   1.000847775   0.005260
2457626.488425   1.00185894   0.005260
2457626.488738   1.001813726   0.005260
2457626.489062   1.002054186   0.005260
2457626.489386   1.001478726   0.005260
2457626.489698   1.00782728   0.005260
2457626.490022   1.002165167   0.005260
2457626.490335   1.004364245   0.005260
2457626.490659   1.002235044   0.005260
2457626.490971   1.000905321   0.005260
2457626.491295   1.000673082   0.005260
2457626.491619   0.999762623   0.005260
2457626.491932   1.001883603   0.005260
2457626.492256   0.999051519   0.005260
2457626.492568   1.005387742   0.005260
2457626.492893   0.997510109   0.005260
2457626.493205   1.006000195   0.005260
2457626.493529   1.001585597   0.005260
2457626.493842   0.998449342   0.005260
2457626.494166   0.998167777   0.005260
2457626.494478   0.997592318   0.005260
2457626.494802   0.999924985   0.005260
2457626.495126   1.004828724   0.005260
2457626.495439   1.003044799   0.005260
2457626.495763   1.004487558   0.005260
2457626.496075   1.003289369   0.005260
2457626.496399   1.005075349   0.005260
2457626.496712   1.000362745   0.005260
2457626.497036   1.002541271   0.005260
2457626.497360   1.001717131   0.005260
2457626.497672   1.004384798   0.005260
2457626.497985   0.993500388   0.005260
2457626.498309   1.001961701   0.005260
2457626.498633   1.002843388   0.005260
2457626.498945   1.007946482   0.005260
2457626.499269   1.000958757   0.005260
2457626.499582   1.003410626   0.005260
2457626.499906   1.002687191   0.005260
2457626.500230   0.997986919   0.005260
2457626.500542   0.995226767   0.005260
2457626.500867   0.998695967   0.005260
2457626.501179   0.998576765   0.005260
2457626.501503   0.999929095   0.005260
2457626.501816   1.005340472   0.005260
2457626.502140   0.998882992   0.005260
2457626.502464   1.002161057   0.005260
2457626.502776   1.00002569   0.005260
2457626.503100   1.00006885   0.005260
2457626.503424   1.001145781   0.005260
2457626.503737   1.00122388   0.005260
2457626.504061   0.999900322   0.005260
2457626.504373   1.00503219   0.005260
2457626.504697   0.999113175   0.005260
2457626.505010   1.000149003   0.005260
2457626.505334   1.00358532   0.005260
2457626.505646   0.994647197   0.005260
2457626.505970   1.002654308   0.005260
2457626.506294   1.002629645   0.005260
2457626.506607   0.996338637   0.005260
2457626.506931   1.001599984   0.005260
2457626.507243   0.999980475   0.005260
2457626.507567   1.000019525   0.005260
2457626.507891   0.998924096   0.005260
2457626.508204   1.002946148   0.005260
2457626.508528   1.00026204   0.005260
2457626.508840   1.000574432   0.005260
2457626.509165   1.000453175   0.005260
2457626.509489   0.999555046   0.005260
2457626.509801   0.998878881   0.005260
2457626.510125   0.992102843   0.005260
2457626.510438   0.994854773   0.005260
2457626.510762   1.001217714   0.005260
2457626.511086   1.000329862   0.005260
2457626.511398   1.003351025   0.005260
2457626.511722   1.000814892   0.005260
2457626.512035   1.00026615   0.005260
2457626.512359   1.000712131   0.005260
2457626.512671   1.003663418   0.005260
2457626.512995   0.9987679   0.005260
2457626.513308   0.998139004   0.005260
2457626.513632   0.996544159   0.005260
2457626.513944   1.003554491   0.005260
2457626.514268   1.005091791   0.005260
2457626.514581   0.997216214   0.005260
2457626.514905   0.996307809   0.005260
2457626.515217   0.997921152   0.005260
2457626.515541   0.999920874   0.005260
2457626.515865   1.000523052   0.005260
2457626.516178   1.002582376   0.005260
2457626.516502   1.001941149   0.005260
2457626.516838   1.0039717   0.005260
2457626.517150   0.994994528   0.005260
2457626.517474   1.003406516   0.005260
2457626.517787   1.000175721   0.005260
2457626.518111   1.003686025   0.005260
2457626.518423   0.997148392   0.005260
2457626.518747   1.00098753   0.005260
2457626.519060   1.003831945   0.005260
2457626.519384   0.999678359   0.005260
2457626.519696   1.005430901   0.005260
2457626.520020   1.000903266   0.005260
2457626.520344   0.99689149   0.005260
2457626.520657   1.001860996   0.005260
2457626.520981   1.00098753   0.005260
2457626.521293   1.002590596   0.005260
2457626.521617   1.006100901   0.005260
2457626.521930   1.007917709   0.005260
2457626.522254   0.998786397   0.005260
2457626.522566   1.004393018   0.005260
2457626.522890   0.995450785   0.005260
2457626.523203   0.996015969   0.005260
2457626.523527   0.99834247   0.005260
2457626.523851   0.997170999   0.005260
2457626.524164   1.000611426   0.005260
2457626.524488   1.002956424   0.005260
2457626.524812   0.997787563   0.005260
2457626.525124   1.002933817   0.005260
2457626.525448   1.003525718   0.005260
2457626.525761   1.003776454   0.005260
2457626.526085   0.994682136   0.005260
2457626.526409   1.001328695   0.005260
2457626.526721   0.994394406   0.005260
2457626.527045   1.002761179   0.005260
2457626.527358   1.002487836   0.005260
2457626.527682   1.000130506   0.005260
2457626.527994   0.998299311   0.005260
2457626.528318   0.999581764   0.005260
2457626.528631   1.002909154   0.005260
2457626.528955   1.001924707   0.005260
2457626.529267   1.000718297   0.005260
2457626.529591   0.995950202   0.005260
2457626.529904   0.99833425   0.005260
2457626.530228   1.00205213   0.005260
2457626.530540   1.006456453   0.005260
2457626.530864   0.996472226   0.005260
2457626.531177   1.002824891   0.005260
2457626.531501   1.00820955   0.005260
2457626.531883   1.003186608   0.005260
2457626.532195   1.00089299   0.005260
2457626.532531   0.993303087   0.005260
2457626.532843   0.999150169   0.005260
2457626.533168   0.996531828   0.005260
2457626.533480   1.000997806   0.005260
2457626.533804   1.003698356   0.005260
2457626.534117   1.002124063   0.005260
2457626.534441   0.997925262   0.005260
2457626.534753   0.993496277   0.005260
2457626.535077   0.999429678   0.005260
2457626.535390   1.000471671   0.005260
2457626.535714   0.998811059   0.005260
2457626.536026   0.997532716   0.005260
2457626.536350   0.999150169   0.005260
2457626.536663   0.997750569   0.005260
2457626.536987   1.005091791   0.005260
2457626.537311   1.004156669   0.005260
2457626.537623   1.005227435   0.005260
2457626.537947   1.00334897   0.005260
2457626.538260   0.999756457   0.005260
2457626.538584   1.004904767   0.005260
2457626.538896   1.002695412   0.005260
2457626.539220   0.998587041   0.005260
2457626.539533   1.004242988   0.005260
2457626.539857   0.995023301   0.005260
2457626.540169   0.997505999   0.005260
2457626.540493   0.996827778   0.005260
2457626.540817   1.003864829   0.005260
2457626.541130   1.000177776   0.005260
2457626.541454   0.997709465   0.005260
2457626.541766   1.003077682   0.005260
2457626.542091   1.000884769   0.005260
2457626.542415   0.998235599   0.005260
2457626.542727   0.998878881   0.005260
2457626.543051   1.00532814   0.005260
2457626.543375   0.999144004   0.005260
2457626.543688   0.993617535   0.005260
2457626.544012   0.993878547   0.005260
2457626.544324   1.000233267   0.005260
2457626.544648   1.001260873   0.005260
2457626.544972   0.994947258   0.005260
2457626.545285   0.996614036   0.005260
2457626.545609   1.012268596   0.005260
2457626.545933   0.995752902   0.005260
2457626.546245   0.995705632   0.005260
2457626.546569   1.000819003   0.005260
2457626.546893   0.996233822   0.005260
2457626.547206   0.998229434   0.005260
2457626.548479   1.005077404   0.005260
2457626.549127   1.000765567   0.005260
2457626.549440   1.006220103   0.005260
2457626.549764   0.998476059   0.005260
2457626.550076   0.997614925   0.005260
2457626.550400   0.992781063   0.005260
2457626.550713   0.995463117   0.005260
2457626.551037   0.989951035   0.005260
2457626.551349   0.999470783   0.005260
2457626.551673   0.993169499   0.005260
2457626.551986   1.000321641   0.005260
2457626.552310   1.001797284   0.005260
2457626.552634   0.996126951   0.005260
2457626.552946   0.997555324   0.005260
2457626.553259   0.998839832   0.005260
2457626.553583   0.990762844   0.005260
2457626.553907   0.995072626   0.005260
2457626.554219   0.994653363   0.005260
2457626.554543   1.004084736   0.005260
2457626.554856   0.999065906   0.005260
2457626.555180   0.990491556   0.005260
2457626.555492   0.99626465   0.005260
2457626.555816   0.993317474   0.005260
2457626.556129   0.994170387   0.005260
2457626.556453   0.995989251   0.005260
2457626.556765   0.990136004   0.005260
2457626.557089   0.996036521   0.005260
2457626.557402   0.993360633   0.005260
2457626.557726   0.995627534   0.005260
2457626.558050   0.999378298   0.005260
2457626.558363   1.003011915   0.005260
2457626.558687   1.000469616   0.005260
2457626.558999   0.996159834   0.005260
2457626.559323   0.994754068   0.005260
2457626.559647   0.993566155   0.005260
2457626.559960   0.991342414   0.005260
2457626.560272   0.992322751   0.005260
2457626.560596   1.002138449   0.005260
2457626.560920   0.99419094   0.005260
2457626.561233   0.995181552   0.005260
2457626.561557   0.998837777   0.005260
2457626.561869   0.991845941   0.005260
2457626.562193   0.997109342   0.005260
2457626.562517   0.99361959   0.005260
2457626.562830   0.982544046   0.005260
2457626.563154   0.995200049   0.005260
2457626.563466   0.994429344   0.005260
2457626.563790   0.991763733   0.005260
2457626.564114   0.990452507   0.005260
2457626.564427   0.993841553   0.005260
2457626.564751   0.988181496   0.005260
2457626.565063   0.999655752   0.005260
2457626.565387   0.993545603   0.005260
2457626.565712   0.997604649   0.005260
2457626.566024   0.994437565   0.005260
2457626.566348   1.00011612   0.005260
2457626.566661   0.989005636   0.005260
2457626.566985   0.998605538   0.005260
2457626.567297   1.000473727   0.005260
2457626.567621   0.993841553   0.005260
2457626.567934   0.987764288   0.005260
2457626.568258   0.995276092   0.005260
2457626.568582   1.001908266   0.005260
2457626.568894   0.99723471   0.005260
2457626.569218   0.986064626   0.005260
2457626.569531   0.996589374   0.005260
2457626.569855   1.00093615   0.005260
2457626.570167   0.997489557   0.005260
2457626.570491   1.002641977   0.005260
2457626.570804   0.995948147   0.005260
2457626.571128   0.990314807   0.005260
2457626.571440   0.991728794   0.005260
2457626.571764   1.002066517   0.005260
2457626.572077   1.001838388   0.005260
2457626.572401   0.998932317   0.005260
2457626.572725   0.9952987   0.005260
2457626.573037   1.003394185   0.005260
2457626.573361   0.99164042   0.005260
2457626.573674   0.999546825   0.005260
2457626.573998   0.998311642   0.005260
2457626.574310   0.996503055   0.005260
2457626.574635   0.994271093   0.005260
2457626.574947   0.995323362   0.005260
2457626.575271   0.998765844   0.005260
2457626.575595   0.99511373   0.005260
2457626.575908   0.992565266   0.005260
2457626.576232   0.998402072   0.005260
2457626.576544   0.998124618   0.005260
2457626.576868   0.999372132   0.005260
2457626.577505   0.999754402   0.005260
2457626.577829   0.991237598   0.005260
2457626.578141   0.996427012   0.005260
2457626.578465   1.001088235   0.005260
2457626.578789   0.995428178   0.005260
2457626.579102   0.998136949   0.005260
2457626.579426   1.001741793   0.005260
2457626.579796   0.990629255   0.005260
2457626.580120   1.001885658   0.005260
2457626.580444   1.004812282   0.005260
2457626.580757   0.994476614   0.005260
2457626.581081   1.000027745   0.005260
2457626.581405   0.9906272   0.005260
2457626.581729   1.008429457   0.005260
2457626.582041   1.018880217   0.005260
2457626.582365   1.008513721   0.005260
2457626.582678   1.000868328   0.005260
2457626.583002   0.997962256   0.005260
2457626.583314   1.009111788   0.005260
2457626.583639   1.006390686   0.005260
2457626.583951   1.01129648   0.005260
2457626.584275   0.997808115   0.005260
2457626.584588   0.999575598   0.005260
2457626.584912   1.001877437   0.005260
2457626.585236   1.001591763   0.005260
2457626.585548   1.004479337   0.005260
2457626.585872   0.991412291   0.005260
2457626.586185   1.001016303   0.005260
2457626.586509   0.999228267   0.005260
2457626.586821   1.007907433   0.005260
2457626.587134   0.995730294   0.005260
2457626.587458   1.007601206   0.005260
2457626.587782   0.996346858   0.005260
2457626.588094   1.00175618   0.005260
2457626.588418   1.005369245   0.005260
2457626.588731   0.997559434   0.005260
2457626.589055   1.001700689   0.005260
2457626.589379   0.989239931   0.005260
2457626.589691   1.008669917   0.005260
2457626.590015   0.99781017   0.005260
2457626.590339   1.006896268   0.005260
2457626.590652   0.994071737   0.005260
2457626.590976   1.004865718   0.005260
2457626.591288   0.998186274   0.005260
2457626.591613   1.006735962   0.005260
2457626.591937   1.005268539   0.005260
2457626.592249   1.005332251   0.005260
2457626.592573   1.01081145   0.005260
2457626.592886   0.999655752   0.005260
2457626.593210   1.008302034   0.005260
2457626.593522   1.003694246   0.005260
2457626.593846   0.991436954   0.005260
2457626.594170   1.000327807   0.005260
2457626.594483   0.996729128   0.005260
2457626.594807   0.999536549   0.005260
2457626.595119   0.994571154   0.005260
2457626.595443   0.994244375   0.005260
2457626.595756   0.996040632   0.005260
2457626.596080   1.005897435   0.005260
2457626.596404   0.997094956   0.005260
2457626.596716   0.997633422   0.005260
2457626.597040   0.997512164   0.005260
2457626.597353   1.005058908   0.005260
2457626.597677   0.998490446   0.005260
2457626.597989   0.992770787   0.005260
2457626.598313   1.008949426   0.005260
2457626.598626   1.005790563   0.005260
2457626.598950   0.996295478   0.005260
2457626.599262   0.996961367   0.005260
2457626.599586   0.995559712   0.005260
2457626.599899   1.004136117   0.005260
2457626.600223   1.007763568   0.005260
2457626.600860   0.996681858   0.005260
2457626.601172   0.999131672   0.005260
2457626.601496   0.998301366   0.005260
2457626.601820   0.999020691   0.005260
2457626.602133   1.000087347   0.005260
2457626.602769   0.988354134   0.005260
2457626.603093   0.992861217   0.005260
2457626.603417   0.992764622   0.005260
2457626.603741   1.007814949   0.005260
2457626.604054   0.997366244   0.005260
2457626.604378   1.000280537   0.005260
2457626.604690   1.009177555   0.005260
2457626.605014   0.993827167   0.005260
2457626.605327   1.005132895   0.005260
2457626.605651   1.002179554   0.005260
2457626.606611   0.996445509   0.005260
2457626.606936   1.00522949   0.005260
2457626.607248   1.000775843   0.005260
2457626.607572   0.999694801   0.005260
2457626.607896   1.013651754   0.005260
2457626.608220   1.010684026   0.005260
2457626.608533   0.998412348   0.005260
2457626.608857   1.0154439   0.005260
2457626.609169   0.997534772   0.005260
2457626.609493   1.007471728   0.005260
2457626.609806   1.002845443   0.005260
2457626.610130   1.013314699   0.005260
2457626.610766   1.000769677   0.005260
2457626.611090   0.994558823   0.005260
2457626.611403   1.00446084   0.005260
2457626.611727   0.997840998   0.005260
2457626.612363   1.003492835   0.005260
2457626.612676   1.004532773   0.005260
2457626.613000   1.006775011   0.005260
2457626.613312   1.002200106   0.005260
2457626.613636   1.001456119   0.005260
2457626.613960   0.994414958   0.005260
2457626.614273   1.01260154   0.005260
2457626.614597   0.995165111   0.005260
2457626.614921   1.002432345   0.005260
2457626.615234   0.999914709   0.005260
2457626.615558   1.004331362   0.005260
2457626.615882   0.997173054   0.005260
2457626.616194   1.022406963   0.005260
2457626.616518   0.992425511   0.005260
2457626.616831   0.993502443   0.005260
2457626.617155   1.000081181   0.005260
2457626.617479   1.000636089   0.005260
2457626.617791   0.998441121   0.005260
2457626.618115   0.996725018   0.005260
2457626.618428   1.001655474   0.005260
2457626.618752   0.99680106   0.005260
2457626.619064   1.005116454   0.005260
2457626.619388   0.99838974   0.005260
2457626.619712   1.01433203   0.005260
2457626.620349   1.002269983   0.005260
2457626.620673   1.004740349   0.005260
2457626.620985   1.008842555   0.005260
2457626.621310   1.005708355   0.005260
2457626.621622   0.99814928   0.005260
2457626.621946   0.993003026   0.005260
2457626.622259   0.995713853   0.005260
2457626.622583   0.988602815   0.005260
2457626.622907   0.991038242   0.005260
2457626.623219   1.013216049   0.005260
2457626.623543   1.011142339   0.005260
2457626.623867   1.017416905   0.005260
2457626.624180   0.996239987   0.005260
2457626.624504   1.007005195   0.005260
2457626.624816   0.993574376   0.005260
2457626.625140   1.002806394   0.005260
2457626.625464   1.00739363   0.005260
2457626.625777   1.002592652   0.005260
2457626.626101   0.998319863   0.005260
2457626.626413   1.006487281   0.005260
2457626.626737   0.989620145   0.005260
2457626.627061   1.015598041   0.005260
2457626.627374   0.997265539   0.005260
