#	Label	BJD_TDB	rel_flux_T1	rel_flux_err_T1
1	Processed_l20160904-232106-V0645_Cen-I.fit	2457636.473131	0.183759	0.000165
2	Processed_l20160904-232200-V0645_Cen-I.fit	2457636.473501	0.184210	0.000165
3	Processed_l20160904-232233-V0645_Cen-I.fit	2457636.473883	0.182178	0.000160
4	Processed_l20160904-232305-V0645_Cen-I.fit	2457636.474253	0.183530	0.000162
5	Processed_l20160904-232338-V0645_Cen-I.fit	2457636.474635	0.184640	0.000163
6	Processed_l20160904-232411-V0645_Cen-I.fit	2457636.475017	0.186023	0.000162
7	Processed_l20160904-232444-V0645_Cen-I.fit	2457636.475399	0.184412	0.000160
8	Processed_l20160904-232518-V0645_Cen-I.fit	2457636.475793	0.184142	0.000160
9	Processed_l20160904-232551-V0645_Cen-I.fit	2457636.476175	0.184202	0.000160
10	Processed_l20160904-232624-V0645_Cen-I.fit	2457636.476557	0.184604	0.000161
11	Processed_l20160904-232658-V0645_Cen-I.fit	2457636.476950	0.184154	0.000159
12	Processed_l20160904-232731-V0645_Cen-I.fit	2457636.477332	0.182769	0.000160
13	Processed_l20160904-232803-V0645_Cen-I.fit	2457636.477714	0.184286	0.000160
14	Processed_l20160904-232836-V0645_Cen-I.fit	2457636.478084	0.183727	0.000160
15	Processed_l20160904-232909-V0645_Cen-I.fit	2457636.478466	0.184038	0.000160
16	Processed_l20160904-232943-V0645_Cen-I.fit	2457636.478871	0.182577	0.000157
17	Processed_l20160904-233018-V0645_Cen-I.fit	2457636.479265	0.181488	0.000155
18	Processed_l20160904-233052-V0645_Cen-I.fit	2457636.479658	0.182651	0.000157
19	Processed_l20160904-233126-V0645_Cen-I.fit	2457636.480052	0.184192	0.000158
20	Processed_l20160904-233200-V0645_Cen-I.fit	2457636.480445	0.183624	0.000156
21	Processed_l20160904-233232-V0645_Cen-I.fit	2457636.480827	0.180442	0.000155
22	Processed_l20160904-233305-V0645_Cen-I.fit	2457636.481197	0.183021	0.000156
23	Processed_l20160904-233339-V0645_Cen-I.fit	2457636.481591	0.182964	0.000157
24	Processed_l20160904-233413-V0645_Cen-I.fit	2457636.481984	0.183126	0.000156
25	Processed_l20160904-233448-V0645_Cen-I.fit	2457636.482390	0.185407	0.000160
26	Processed_l20160904-233524-V0645_Cen-I.fit	2457636.482806	0.181257	0.000154
27	Processed_l20160904-233558-V0645_Cen-I.fit	2457636.483200	0.181140	0.000155
28	Processed_l20160904-233632-V0645_Cen-I.fit	2457636.483593	0.183770	0.000154
29	Processed_l20160904-233705-V0645_Cen-I.fit	2457636.483975	0.182128	0.000153
30	Processed_l20160904-233739-V0645_Cen-I.fit	2457636.484369	0.182117	0.000153
31	Processed_l20160904-233813-V0645_Cen-I.fit	2457636.484762	0.183233	0.000155
32	Processed_l20160904-233847-V0645_Cen-I.fit	2457636.485156	0.184818	0.000155
33	Processed_l20160904-233921-V0645_Cen-I.fit	2457636.485549	0.184700	0.000154
34	Processed_l20160904-233955-V0645_Cen-I.fit	2457636.485943	0.182443	0.000154
35	Processed_l20160904-234029-V0645_Cen-I.fit	2457636.486336	0.185133	0.000155
36	Processed_l20160904-234104-V0645_Cen-I.fit	2457636.486741	0.183600	0.000155
37	Processed_l20160904-234147-V0645_Cen-I.fit	2457636.487239	0.184181	0.000153
38	Processed_l20160904-234220-V0645_Cen-I.fit	2457636.487621	0.181535	0.000152
39	Processed_l20160904-234255-V0645_Cen-I.fit	2457636.488026	0.183179	0.000152
40	Processed_l20160904-234327-V0645_Cen-I.fit	2457636.488408	0.182485	0.000154
41	Processed_l20160904-234400-V0645_Cen-I.fit	2457636.488778	0.183183	0.000154
42	Processed_l20160904-234433-V0645_Cen-I.fit	2457636.489160	0.185087	0.000155
43	Processed_l20160904-234508-V0645_Cen-I.fit	2457636.489565	0.182211	0.000155
44	Processed_l20160904-234542-V0645_Cen-I.fit	2457636.489958	0.184685	0.000154
45	Processed_l20160904-234615-V0645_Cen-I.fit	2457636.490340	0.182589	0.000151
46	Processed_l20160904-234647-V0645_Cen-I.fit	2457636.490711	0.183189	0.000152
47	Processed_l20160904-234721-V0645_Cen-I.fit	2457636.491104	0.183732	0.000152
48	Processed_l20160904-234754-V0645_Cen-I.fit	2457636.491486	0.181172	0.000154
49	Processed_l20160904-234829-V0645_Cen-I.fit	2457636.491891	0.183165	0.000154
50	Processed_l20160904-234904-V0645_Cen-I.fit	2457636.492296	0.183806	0.000156
51	Processed_l20160904-234939-V0645_Cen-I.fit	2457636.492701	0.183822	0.000157
52	Processed_l20160904-235111-V0645_Cen-I.fit	2457636.493766	0.181820	0.000155
53	Processed_l20160904-235141-V0645_Cen-I.fit	2457636.494113	0.182623	0.000156
54	Processed_l20160904-235210-V0645_Cen-I.fit	2457636.494460	0.183565	0.000157
55	Processed_l20160904-235240-V0645_Cen-I.fit	2457636.494796	0.181727	0.000156
56	Processed_l20160904-235311-V0645_Cen-I.fit	2457636.495155	0.182719	0.000157
57	Processed_l20160904-235341-V0645_Cen-I.fit	2457636.495502	0.180513	0.000156
58	Processed_l20160904-235411-V0645_Cen-I.fit	2457636.495849	0.181352	0.000157
59	Processed_l20160904-235441-V0645_Cen-I.fit	2457636.496196	0.184794	0.000158
60	Processed_l20160904-235513-V0645_Cen-I.fit	2457636.496567	0.183637	0.000157
61	Processed_l20160904-235543-V0645_Cen-I.fit	2457636.496914	0.182335	0.000156
62	Processed_l20160904-235614-V0645_Cen-I.fit	2457636.497273	0.183904	0.000156
63	Processed_l20160904-235643-V0645_Cen-I.fit	2457636.497608	0.182212	0.000156
64	Processed_l20160904-235713-V0645_Cen-I.fit	2457636.497967	0.183731	0.000156
65	Processed_l20160904-235744-V0645_Cen-I.fit	2457636.498314	0.187038	0.000158
66	Processed_l20160904-235814-V0645_Cen-I.fit	2457636.498662	0.188042	0.000159
67	Processed_l20160904-235845-V0645_Cen-I.fit	2457636.499020	0.182924	0.000156
68	Processed_l20160904-235915-V0645_Cen-I.fit	2457636.499368	0.179811	0.000154
69	Processed_l20160904-235944-V0645_Cen-I.fit	2457636.499703	0.182197	0.000157
70	Processed_l20160905-000014-V0645_Cen-I.fit	2457636.500062	0.182210	0.000154
71	Processed_l20160905-000045-V0645_Cen-I.fit	2457636.500409	0.183503	0.000156
72	Processed_l20160905-000116-V0645_Cen-I.fit	2457636.500768	0.186434	0.000156
73	Processed_l20160905-000146-V0645_Cen-I.fit	2457636.501115	0.182186	0.000155
74	Processed_l20160905-000216-V0645_Cen-I.fit	2457636.501462	0.181852	0.000155
75	Processed_l20160905-000247-V0645_Cen-I.fit	2457636.501821	0.183488	0.000157
76	Processed_l20160905-000317-V0645_Cen-I.fit	2457636.502168	0.179034	0.000153
77	Processed_l20160905-000348-V0645_Cen-I.fit	2457636.502527	0.181756	0.000156
78	Processed_l20160905-000418-V0645_Cen-I.fit	2457636.502874	0.180156	0.000153
79	Processed_l20160905-000449-V0645_Cen-I.fit	2457636.503233	0.182275	0.000157
80	Processed_l20160905-000520-V0645_Cen-I.fit	2457636.503592	0.181935	0.000155
81	Processed_l20160905-000550-V0645_Cen-I.fit	2457636.503939	0.183795	0.000157
82	Processed_l20160905-000621-V0645_Cen-I.fit	2457636.504298	0.184261	0.000156
83	Processed_l20160905-000650-V0645_Cen-I.fit	2457636.504645	0.184811	0.000156
84	Processed_l20160905-000721-V0645_Cen-I.fit	2457636.504992	0.184609	0.000155
85	Processed_l20160905-000751-V0645_Cen-I.fit	2457636.505351	0.182491	0.000152
86	Processed_l20160905-000822-V0645_Cen-I.fit	2457636.505698	0.185147	0.000154
87	Processed_l20160905-000852-V0645_Cen-I.fit	2457636.506045	0.184551	0.000151
88	Processed_l20160905-000923-V0645_Cen-I.fit	2457636.506404	0.182691	0.000149
89	Processed_l20160905-000954-V0645_Cen-I.fit	2457636.506763	0.182028	0.000148
90	Processed_l20160905-001024-V0645_Cen-I.fit	2457636.507110	0.180988	0.000147
91	Processed_l20160905-001053-V0645_Cen-I.fit	2457636.507446	0.183372	0.000149
92	Processed_l20160905-001124-V0645_Cen-I.fit	2457636.507804	0.183612	0.000152
93	Processed_l20160905-001154-V0645_Cen-I.fit	2457636.508152	0.183404	0.000147
94	Processed_l20160905-001224-V0645_Cen-I.fit	2457636.508499	0.182462	0.000148
95	Processed_l20160905-001254-V0645_Cen-I.fit	2457636.508846	0.182851	0.000147
96	Processed_l20160905-001324-V0645_Cen-I.fit	2457636.509193	0.181988	0.000147
97	Processed_l20160905-001354-V0645_Cen-I.fit	2457636.509540	0.183090	0.000151
98	Processed_l20160905-001424-V0645_Cen-I.fit	2457636.509888	0.183625	0.000150
99	Processed_l20160905-001455-V0645_Cen-I.fit	2457636.510246	0.183505	0.000148
100	Processed_l20160905-001525-V0645_Cen-I.fit	2457636.510594	0.184441	0.000150
101	Processed_l20160905-001604-V0645_Cen-I.fit	2457636.511045	0.184306	0.000151
102	Processed_l20160905-001634-V0645_Cen-I.fit	2457636.511392	0.181968	0.000153
103	Processed_l20160905-001704-V0645_Cen-I.fit	2457636.511739	0.184260	0.000151
104	Processed_l20160905-001734-V0645_Cen-I.fit	2457636.512098	0.181792	0.000148
105	Processed_l20160905-001805-V0645_Cen-I.fit	2457636.512445	0.184634	0.000149
106	Processed_l20160905-001836-V0645_Cen-I.fit	2457636.512804	0.184286	0.000162
107	Processed_l20160905-001907-V0645_Cen-I.fit	2457636.513163	0.184630	0.000160
108	Processed_l20160905-001936-V0645_Cen-I.fit	2457636.513510	0.183721	0.000157
109	Processed_l20160905-002007-V0645_Cen-I.fit	2457636.513857	0.183157	0.000150
110	Processed_l20160905-002037-V0645_Cen-I.fit	2457636.514204	0.185485	0.000151
111	Processed_l20160905-002108-V0645_Cen-I.fit	2457636.514563	0.182037	0.000150
112	Processed_l20160905-002138-V0645_Cen-I.fit	2457636.514910	0.182755	0.000150
113	Processed_l20160905-002208-V0645_Cen-I.fit	2457636.515258	0.182552	0.000147
114	Processed_l20160905-002239-V0645_Cen-I.fit	2457636.515616	0.185282	0.000149
115	Processed_l20160905-002308-V0645_Cen-I.fit	2457636.515952	0.184426	0.000148
116	Processed_l20160905-002338-V0645_Cen-I.fit	2457636.516299	0.184004	0.000150
117	Processed_l20160905-002409-V0645_Cen-I.fit	2457636.516658	0.182210	0.000147
118	Processed_l20160905-002439-V0645_Cen-I.fit	2457636.517005	0.184204	0.000149
119	Processed_l20160905-002513-V0645_Cen-I.fit	2457636.517399	0.185768	0.000149
120	Processed_l20160905-002543-V0645_Cen-I.fit	2457636.517757	0.183424	0.000147
121	Processed_l20160905-002614-V0645_Cen-I.fit	2457636.518105	0.183249	0.000150
122	Processed_l20160905-002646-V0645_Cen-I.fit	2457636.518475	0.185808	0.000154
123	Processed_l20160905-002716-V0645_Cen-I.fit	2457636.518822	0.183233	0.000154
124	Processed_l20160905-002746-V0645_Cen-I.fit	2457636.519169	0.183901	0.000148
125	Processed_l20160905-002818-V0645_Cen-I.fit	2457636.519540	0.183848	0.000149
126	Processed_l20160905-002848-V0645_Cen-I.fit	2457636.519887	0.182630	0.000147
127	Processed_l20160905-002918-V0645_Cen-I.fit	2457636.520246	0.184585	0.000149
128	Processed_l20160905-002949-V0645_Cen-I.fit	2457636.520593	0.182604	0.000149
129	Processed_l20160905-003020-V0645_Cen-I.fit	2457636.520952	0.184487	0.000147
130	Processed_l20160905-003051-V0645_Cen-I.fit	2457636.521310	0.183496	0.000147
131	Processed_l20160905-003120-V0645_Cen-I.fit	2457636.521646	0.183548	0.000147
132	Processed_l20160905-003151-V0645_Cen-I.fit	2457636.522005	0.184391	0.000148
133	Processed_l20160905-003221-V0645_Cen-I.fit	2457636.522352	0.184406	0.000151
134	Processed_l20160905-003251-V0645_Cen-I.fit	2457636.522699	0.182356	0.000147
135	Processed_l20160905-003321-V0645_Cen-I.fit	2457636.523046	0.182544	0.000150
136	Processed_l20160905-003351-V0645_Cen-I.fit	2457636.523394	0.183345	0.000149
137	Processed_l20160905-003422-V0645_Cen-I.fit	2457636.523752	0.183411	0.000147
138	Processed_l20160905-003453-V0645_Cen-I.fit	2457636.524111	0.185253	0.000149
139	Processed_l20160905-003523-V0645_Cen-I.fit	2457636.524458	0.183656	0.000148
140	Processed_l20160905-003554-V0645_Cen-I.fit	2457636.524817	0.184870	0.000147
141	Processed_l20160905-003624-V0645_Cen-I.fit	2457636.525164	0.184840	0.000148
142	Processed_l20160905-003653-V0645_Cen-I.fit	2457636.525500	0.183927	0.000148
143	Processed_l20160905-003723-V0645_Cen-I.fit	2457636.525847	0.183287	0.000147
144	Processed_l20160905-003753-V0645_Cen-I.fit	2457636.526194	0.183521	0.000147
145	Processed_l20160905-003823-V0645_Cen-I.fit	2457636.526553	0.183674	0.000146
146	Processed_l20160905-003854-V0645_Cen-I.fit	2457636.526900	0.183973	0.000147
147	Processed_l20160905-003924-V0645_Cen-I.fit	2457636.527248	0.183151	0.000147
148	Processed_l20160905-003954-V0645_Cen-I.fit	2457636.527595	0.183935	0.000148
149	Processed_l20160905-004025-V0645_Cen-I.fit	2457636.527954	0.181610	0.000146
150	Processed_l20160905-004054-V0645_Cen-I.fit	2457636.528289	0.181764	0.000147
151	Processed_l20160905-004124-V0645_Cen-I.fit	2457636.528636	0.184654	0.000150
152	Processed_l20160905-004154-V0645_Cen-I.fit	2457636.528984	0.184041	0.000147
153	Processed_l20160905-004225-V0645_Cen-I.fit	2457636.529342	0.182238	0.000147
154	Processed_l20160905-004255-V0645_Cen-I.fit	2457636.529690	0.184412	0.000148
155	Processed_l20160905-004326-V0645_Cen-I.fit	2457636.530048	0.183398	0.000148
156	Processed_l20160905-004356-V0645_Cen-I.fit	2457636.530396	0.185176	0.000149
157	Processed_l20160905-004426-V0645_Cen-I.fit	2457636.530743	0.183682	0.000148
158	Processed_l20160905-004456-V0645_Cen-I.fit	2457636.531090	0.181868	0.000147
159	Processed_l20160905-004526-V0645_Cen-I.fit	2457636.531437	0.183091	0.000148
160	Processed_l20160905-004557-V0645_Cen-I.fit	2457636.531796	0.183097	0.000147
161	Processed_l20160905-004627-V0645_Cen-I.fit	2457636.532143	0.182470	0.000147
162	Processed_l20160905-004657-V0645_Cen-I.fit	2457636.532490	0.183437	0.000147
163	Processed_l20160905-004727-V0645_Cen-I.fit	2457636.532837	0.185983	0.000149
164	Processed_l20160905-004757-V0645_Cen-I.fit	2457636.533185	0.183608	0.000147
165	Processed_l20160905-004827-V0645_Cen-I.fit	2457636.533532	0.183417	0.000149
166	Processed_l20160905-004857-V0645_Cen-I.fit	2457636.533879	0.183923	0.000148
167	Processed_l20160905-004928-V0645_Cen-I.fit	2457636.534238	0.184187	0.000149
168	Processed_l20160905-004958-V0645_Cen-I.fit	2457636.534585	0.182147	0.000146
169	Processed_l20160905-005028-V0645_Cen-I.fit	2457636.534932	0.181741	0.000147
170	Processed_l20160905-005057-V0645_Cen-I.fit	2457636.535268	0.184396	0.000148
171	Processed_l20160905-005128-V0645_Cen-I.fit	2457636.535627	0.184814	0.000147
172	Processed_l20160905-005158-V0645_Cen-I.fit	2457636.535974	0.183005	0.000146
173	Processed_l20160905-005229-V0645_Cen-I.fit	2457636.536333	0.182468	0.000147
174	Processed_l20160905-005258-V0645_Cen-I.fit	2457636.536668	0.184353	0.000148
175	Processed_l20160905-005329-V0645_Cen-I.fit	2457636.537027	0.184429	0.000148
176	Processed_l20160905-005358-V0645_Cen-I.fit	2457636.537363	0.183772	0.000149
177	Processed_l20160905-005429-V0645_Cen-I.fit	2457636.537721	0.185320	0.000148
178	Processed_l20160905-005459-V0645_Cen-I.fit	2457636.538069	0.183959	0.000148
179	Processed_l20160905-005529-V0645_Cen-I.fit	2457636.538416	0.185128	0.000149
180	Processed_l20160905-005559-V0645_Cen-I.fit	2457636.538763	0.182330	0.000150
181	Processed_l20160905-005630-V0645_Cen-I.fit	2457636.539122	0.183954	0.000153
182	Processed_l20160905-005700-V0645_Cen-I.fit	2457636.539469	0.183975	0.000147
183	Processed_l20160905-005732-V0645_Cen-I.fit	2457636.539839	0.183180	0.000149
184	Processed_l20160905-005802-V0645_Cen-I.fit	2457636.540187	0.182806	0.000149
185	Processed_l20160905-005833-V0645_Cen-I.fit	2457636.540545	0.183060	0.000146
186	Processed_l20160905-005903-V0645_Cen-I.fit	2457636.540892	0.183704	0.000148
187	Processed_l20160905-005935-V0645_Cen-I.fit	2457636.541263	0.182570	0.000149
188	Processed_l20160905-010005-V0645_Cen-I.fit	2457636.541610	0.185890	0.000149
189	Processed_l20160905-010036-V0645_Cen-I.fit	2457636.541969	0.181988	0.000147
190	Processed_l20160905-010107-V0645_Cen-I.fit	2457636.542339	0.181563	0.000148
191	Processed_l20160905-010138-V0645_Cen-I.fit	2457636.542686	0.182601	0.000148
192	Processed_l20160905-010209-V0645_Cen-I.fit	2457636.543045	0.184951	0.000149
193	Processed_l20160905-010239-V0645_Cen-I.fit	2457636.543392	0.185226	0.000148
194	Processed_l20160905-010310-V0645_Cen-I.fit	2457636.543751	0.185217	0.000149
195	Processed_l20160905-010339-V0645_Cen-I.fit	2457636.544098	0.185748	0.000151
196	Processed_l20160905-010410-V0645_Cen-I.fit	2457636.544445	0.182779	0.000149
197	Processed_l20160905-010440-V0645_Cen-I.fit	2457636.544804	0.185614	0.000152
198	Processed_l20160905-010511-V0645_Cen-I.fit	2457636.545151	0.185875	0.000153
199	Processed_l20160905-010541-V0645_Cen-I.fit	2457636.545510	0.182034	0.000149
200	Processed_l20160905-010612-V0645_Cen-I.fit	2457636.545857	0.181661	0.000149
201	Processed_l20160905-010648-V0645_Cen-I.fit	2457636.546274	0.181778	0.000147
202	Processed_l20160905-010719-V0645_Cen-I.fit	2457636.546633	0.183234	0.000147
203	Processed_l20160905-010749-V0645_Cen-I.fit	2457636.546980	0.181317	0.000146
204	Processed_l20160905-010820-V0645_Cen-I.fit	2457636.547339	0.183044	0.000146
205	Processed_l20160905-010851-V0645_Cen-I.fit	2457636.547698	0.180289	0.000146
206	Processed_l20160905-010921-V0645_Cen-I.fit	2457636.548056	0.183472	0.000149
207	Processed_l20160905-010951-V0645_Cen-I.fit	2457636.548392	0.183136	0.000149
208	Processed_l20160905-011022-V0645_Cen-I.fit	2457636.548751	0.182328	0.000147
209	Processed_l20160905-011052-V0645_Cen-I.fit	2457636.549098	0.181390	0.000149
210	Processed_l20160905-011122-V0645_Cen-I.fit	2457636.549445	0.184129	0.000151
211	Processed_l20160905-011152-V0645_Cen-I.fit	2457636.549804	0.182438	0.000149
212	Processed_l20160905-011224-V0645_Cen-I.fit	2457636.550163	0.183088	0.000149
213	Processed_l20160905-011255-V0645_Cen-I.fit	2457636.550521	0.181633	0.000148
214	Processed_l20160905-011326-V0645_Cen-I.fit	2457636.550880	0.181111	0.000150
215	Processed_l20160905-011355-V0645_Cen-I.fit	2457636.551227	0.186134	0.000154
216	Processed_l20160905-011425-V0645_Cen-I.fit	2457636.551563	0.182220	0.000154
217	Processed_l20160905-011456-V0645_Cen-I.fit	2457636.551922	0.181344	0.000150
218	Processed_l20160905-011526-V0645_Cen-I.fit	2457636.552269	0.182354	0.000151
219	Processed_l20160905-011557-V0645_Cen-I.fit	2457636.552628	0.181363	0.000151
220	Processed_l20160905-011627-V0645_Cen-I.fit	2457636.552975	0.182463	0.000150
221	Processed_l20160905-011657-V0645_Cen-I.fit	2457636.553334	0.182746	0.000149
222	Processed_l20160905-011728-V0645_Cen-I.fit	2457636.553681	0.181262	0.000148
223	Processed_l20160905-011759-V0645_Cen-I.fit	2457636.554040	0.180733	0.000149
224	Processed_l20160905-011828-V0645_Cen-I.fit	2457636.554375	0.183737	0.000150
225	Processed_l20160905-011858-V0645_Cen-I.fit	2457636.554723	0.180630	0.000147
226	Processed_l20160905-011929-V0645_Cen-I.fit	2457636.555081	0.182760	0.000149
227	Processed_l20160905-012000-V0645_Cen-I.fit	2457636.555440	0.182757	0.000150
228	Processed_l20160905-012030-V0645_Cen-I.fit	2457636.555787	0.184874	0.000153
229	Processed_l20160905-012101-V0645_Cen-I.fit	2457636.556146	0.182456	0.000147
230	Processed_l20160905-012131-V0645_Cen-I.fit	2457636.556493	0.182018	0.000148
231	Processed_l20160905-012202-V0645_Cen-I.fit	2457636.556852	0.184421	0.000150
232	Processed_l20160905-012232-V0645_Cen-I.fit	2457636.557211	0.180976	0.000149
233	Processed_l20160905-012302-V0645_Cen-I.fit	2457636.557546	0.184882	0.000151
234	Processed_l20160905-012332-V0645_Cen-I.fit	2457636.557894	0.180819	0.000150
235	Processed_l20160905-012402-V0645_Cen-I.fit	2457636.558241	0.181821	0.000147
236	Processed_l20160905-012432-V0645_Cen-I.fit	2457636.558588	0.184680	0.000151
237	Processed_l20160905-012502-V0645_Cen-I.fit	2457636.558935	0.179983	0.000148
238	Processed_l20160905-012531-V0645_Cen-I.fit	2457636.559271	0.183604	0.000149
239	Processed_l20160905-012602-V0645_Cen-I.fit	2457636.559630	0.184706	0.000150
240	Processed_l20160905-012633-V0645_Cen-I.fit	2457636.559988	0.182445	0.000148
241	Processed_l20160905-012703-V0645_Cen-I.fit	2457636.560336	0.183006	0.000148
242	Processed_l20160905-012733-V0645_Cen-I.fit	2457636.560683	0.185557	0.000149
243	Processed_l20160905-012804-V0645_Cen-I.fit	2457636.561042	0.183475	0.000149
244	Processed_l20160905-012835-V0645_Cen-I.fit	2457636.561400	0.184294	0.000149
245	Processed_l20160905-012905-V0645_Cen-I.fit	2457636.561748	0.182005	0.000148
246	Processed_l20160905-012935-V0645_Cen-I.fit	2457636.562095	0.182065	0.000149
247	Processed_l20160905-013006-V0645_Cen-I.fit	2457636.562454	0.183858	0.000149
248	Processed_l20160905-013037-V0645_Cen-I.fit	2457636.562812	0.183560	0.000149
249	Processed_l20160905-013107-V0645_Cen-I.fit	2457636.563159	0.182444	0.000147
250	Processed_l20160905-013138-V0645_Cen-I.fit	2457636.563518	0.181098	0.000148
251	Processed_l20160905-013208-V0645_Cen-I.fit	2457636.563865	0.185751	0.000149
252	Processed_l20160905-013238-V0645_Cen-I.fit	2457636.564213	0.179930	0.000146
253	Processed_l20160905-013309-V0645_Cen-I.fit	2457636.564571	0.185510	0.000150
254	Processed_l20160905-013339-V0645_Cen-I.fit	2457636.564919	0.182725	0.000150
255	Processed_l20160905-013410-V0645_Cen-I.fit	2457636.565277	0.183977	0.000149
256	Processed_l20160905-013440-V0645_Cen-I.fit	2457636.565625	0.181440	0.000147
257	Processed_l20160905-013511-V0645_Cen-I.fit	2457636.565983	0.182737	0.000148
258	Processed_l20160905-013542-V0645_Cen-I.fit	2457636.566342	0.184217	0.000148
259	Processed_l20160905-013613-V0645_Cen-I.fit	2457636.566701	0.182495	0.000147
260	Processed_l20160905-013643-V0645_Cen-I.fit	2457636.567060	0.186067	0.000151
261	Processed_l20160905-013714-V0645_Cen-I.fit	2457636.567407	0.183833	0.000147
262	Processed_l20160905-013745-V0645_Cen-I.fit	2457636.567766	0.182315	0.000147
263	Processed_l20160905-013815-V0645_Cen-I.fit	2457636.568113	0.183753	0.000148
264	Processed_l20160905-013846-V0645_Cen-I.fit	2457636.568472	0.181364	0.000147
265	Processed_l20160905-013917-V0645_Cen-I.fit	2457636.568830	0.181305	0.000147
266	Processed_l20160905-013947-V0645_Cen-I.fit	2457636.569178	0.184146	0.000149
267	Processed_l20160905-014018-V0645_Cen-I.fit	2457636.569536	0.182637	0.000148
268	Processed_l20160905-014048-V0645_Cen-I.fit	2457636.569895	0.182892	0.000149
269	Processed_l20160905-014118-V0645_Cen-I.fit	2457636.570231	0.186133	0.000149
270	Processed_l20160905-014149-V0645_Cen-I.fit	2457636.570590	0.181999	0.000148
271	Processed_l20160905-014218-V0645_Cen-I.fit	2457636.570925	0.184165	0.000149
272	Processed_l20160905-014248-V0645_Cen-I.fit	2457636.571272	0.181644	0.000148
273	Processed_l20160905-014319-V0645_Cen-I.fit	2457636.571631	0.181523	0.000148
274	Processed_l20160905-014349-V0645_Cen-I.fit	2457636.571978	0.182764	0.000149
275	Processed_l20160905-014419-V0645_Cen-I.fit	2457636.572326	0.183342	0.000148
276	Processed_l20160905-014450-V0645_Cen-I.fit	2457636.572684	0.182206	0.000148
277	Processed_l20160905-014521-V0645_Cen-I.fit	2457636.573043	0.182789	0.000148
278	Processed_l20160905-014552-V0645_Cen-I.fit	2457636.573402	0.181640	0.000148
279	Processed_l20160905-014623-V0645_Cen-I.fit	2457636.573761	0.182063	0.000147
280	Processed_l20160905-014653-V0645_Cen-I.fit	2457636.574108	0.184712	0.000149
281	Processed_l20160905-014724-V0645_Cen-I.fit	2457636.574467	0.184309	0.000148
282	Processed_l20160905-014754-V0645_Cen-I.fit	2457636.574825	0.182593	0.000148
283	Processed_l20160905-014826-V0645_Cen-I.fit	2457636.575184	0.182916	0.000149
284	Processed_l20160905-014855-V0645_Cen-I.fit	2457636.575520	0.185651	0.000150
285	Processed_l20160905-014926-V0645_Cen-I.fit	2457636.575879	0.180981	0.000148
286	Processed_l20160905-014957-V0645_Cen-I.fit	2457636.576237	0.182584	0.000149
287	Processed_l20160905-015027-V0645_Cen-I.fit	2457636.576585	0.184927	0.000149
288	Processed_l20160905-015059-V0645_Cen-I.fit	2457636.576955	0.183942	0.000150
289	Processed_l20160905-015129-V0645_Cen-I.fit	2457636.577302	0.183411	0.000154
290	Processed_l20160905-015200-V0645_Cen-I.fit	2457636.577661	0.184113	0.000149
291	Processed_l20160905-015230-V0645_Cen-I.fit	2457636.578020	0.183111	0.000148
292	Processed_l20160905-015300-V0645_Cen-I.fit	2457636.578355	0.183585	0.000148
293	Processed_l20160905-015330-V0645_Cen-I.fit	2457636.578714	0.181751	0.000148
294	Processed_l20160905-015401-V0645_Cen-I.fit	2457636.579061	0.185035	0.000149
295	Processed_l20160905-015431-V0645_Cen-I.fit	2457636.579408	0.183660	0.000148
296	Processed_l20160905-015502-V0645_Cen-I.fit	2457636.579767	0.182040	0.000147
297	Processed_l20160905-015533-V0645_Cen-I.fit	2457636.580126	0.184565	0.000152
298	Processed_l20160905-015603-V0645_Cen-I.fit	2457636.580473	0.183478	0.000150
299	Processed_l20160905-015633-V0645_Cen-I.fit	2457636.580820	0.186166	0.000150
300	Processed_l20160905-015702-V0645_Cen-I.fit	2457636.581156	0.183776	0.000151
