#	Label	BJD_TDB	rel_flux_T1	rel_flux_err_T1
1	Processed_l20160825-233458-V0645_Cen-I.fit	2457626.483194	0.484988	0.000462
2	Processed_l20160825-233530-V0645_Cen-I.fit	2457626.483564	0.488219	0.000464
3	Processed_l20160825-233659-V0645_Cen-I.fit	2457626.484595	0.488029	0.000463
4	Processed_l20160825-233727-V0645_Cen-I.fit	2457626.484919	0.489464	0.000464
5	Processed_l20160825-233754-V0645_Cen-I.fit	2457626.485231	0.490224	0.000464
6	Processed_l20160825-233822-V0645_Cen-I.fit	2457626.485555	0.488777	0.000462
7	Processed_l20160825-233849-V0645_Cen-I.fit	2457626.485879	0.485372	0.000460
8	Processed_l20160825-233917-V0645_Cen-I.fit	2457626.486192	0.488801	0.000462
9	Processed_l20160825-233945-V0645_Cen-I.fit	2457626.486516	0.488092	0.000462
10	Processed_l20160825-234012-V0645_Cen-I.fit	2457626.486828	0.487097	0.000460
11	Processed_l20160825-234040-V0645_Cen-I.fit	2457626.487152	0.489810	0.000462
12	Processed_l20160825-234107-V0645_Cen-I.fit	2457626.487465	0.487569	0.000460
13	Processed_l20160825-234135-V0645_Cen-I.fit	2457626.487789	0.487012	0.000459
14	Processed_l20160825-234202-V0645_Cen-I.fit	2457626.488101	0.486980	0.000459
15	Processed_l20160825-234230-V0645_Cen-I.fit	2457626.488425	0.487472	0.000460
16	Processed_l20160825-234257-V0645_Cen-I.fit	2457626.488738	0.487450	0.000459
17	Processed_l20160825-234325-V0645_Cen-I.fit	2457626.489062	0.487567	0.000460
18	Processed_l20160825-234353-V0645_Cen-I.fit	2457626.489386	0.487287	0.000459
19	Processed_l20160825-234420-V0645_Cen-I.fit	2457626.489698	0.490376	0.000461
20	Processed_l20160825-234448-V0645_Cen-I.fit	2457626.490022	0.487621	0.000459
21	Processed_l20160825-234515-V0645_Cen-I.fit	2457626.490335	0.488691	0.000460
22	Processed_l20160825-234543-V0645_Cen-I.fit	2457626.490659	0.487655	0.000460
23	Processed_l20160825-234610-V0645_Cen-I.fit	2457626.490971	0.487008	0.000458
24	Processed_l20160825-234638-V0645_Cen-I.fit	2457626.491295	0.486895	0.000459
25	Processed_l20160825-234705-V0645_Cen-I.fit	2457626.491619	0.486452	0.000458
26	Processed_l20160825-234733-V0645_Cen-I.fit	2457626.491932	0.487484	0.000459
27	Processed_l20160825-234800-V0645_Cen-I.fit	2457626.492256	0.486106	0.000458
28	Processed_l20160825-234828-V0645_Cen-I.fit	2457626.492568	0.489189	0.000461
29	Processed_l20160825-234855-V0645_Cen-I.fit	2457626.492893	0.485356	0.000458
30	Processed_l20160825-234923-V0645_Cen-I.fit	2457626.493205	0.489487	0.000461
31	Processed_l20160825-234951-V0645_Cen-I.fit	2457626.493529	0.487339	0.000460
32	Processed_l20160825-235018-V0645_Cen-I.fit	2457626.493842	0.485813	0.000459
33	Processed_l20160825-235046-V0645_Cen-I.fit	2457626.494166	0.485676	0.000459
34	Processed_l20160825-235113-V0645_Cen-I.fit	2457626.494478	0.485396	0.000459
35	Processed_l20160825-235141-V0645_Cen-I.fit	2457626.494802	0.486531	0.000460
36	Processed_l20160825-235209-V0645_Cen-I.fit	2457626.495126	0.488917	0.000462
37	Processed_l20160825-235236-V0645_Cen-I.fit	2457626.495439	0.488049	0.000461
38	Processed_l20160825-235304-V0645_Cen-I.fit	2457626.495763	0.488751	0.000462
39	Processed_l20160825-235331-V0645_Cen-I.fit	2457626.496075	0.488168	0.000461
40	Processed_l20160825-235359-V0645_Cen-I.fit	2457626.496399	0.489037	0.000462
41	Processed_l20160825-235426-V0645_Cen-I.fit	2457626.496712	0.486744	0.000460
42	Processed_l20160825-235454-V0645_Cen-I.fit	2457626.497036	0.487804	0.000460
43	Processed_l20160825-235521-V0645_Cen-I.fit	2457626.497360	0.487403	0.000460
44	Processed_l20160825-235549-V0645_Cen-I.fit	2457626.497672	0.488701	0.000461
45	Processed_l20160825-235616-V0645_Cen-I.fit	2457626.497985	0.483405	0.000458
46	Processed_l20160825-235644-V0645_Cen-I.fit	2457626.498309	0.487522	0.000461
47	Processed_l20160825-235712-V0645_Cen-I.fit	2457626.498633	0.487951	0.000462
48	Processed_l20160825-235739-V0645_Cen-I.fit	2457626.498945	0.490434	0.000463
49	Processed_l20160825-235807-V0645_Cen-I.fit	2457626.499269	0.487034	0.000461
50	Processed_l20160825-235834-V0645_Cen-I.fit	2457626.499582	0.488227	0.000461
51	Processed_l20160825-235902-V0645_Cen-I.fit	2457626.499906	0.487875	0.000461
52	Processed_l20160825-235929-V0645_Cen-I.fit	2457626.500230	0.485588	0.000459
53	Processed_l20160825-235957-V0645_Cen-I.fit	2457626.500542	0.484245	0.000459
54	Processed_l20160826-000025-V0645_Cen-I.fit	2457626.500867	0.485933	0.000460
55	Processed_l20160826-000052-V0645_Cen-I.fit	2457626.501179	0.485875	0.000460
56	Processed_l20160826-000120-V0645_Cen-I.fit	2457626.501503	0.486533	0.000460
57	Processed_l20160826-000147-V0645_Cen-I.fit	2457626.501816	0.489166	0.000462
58	Processed_l20160826-000215-V0645_Cen-I.fit	2457626.502140	0.486024	0.000460
59	Processed_l20160826-000243-V0645_Cen-I.fit	2457626.502464	0.487619	0.000461
60	Processed_l20160826-000310-V0645_Cen-I.fit	2457626.502776	0.486580	0.000460
61	Processed_l20160826-000338-V0645_Cen-I.fit	2457626.503100	0.486601	0.000460
62	Processed_l20160826-000405-V0645_Cen-I.fit	2457626.503424	0.487125	0.000461
63	Processed_l20160826-000433-V0645_Cen-I.fit	2457626.503737	0.487163	0.000460
64	Processed_l20160826-000501-V0645_Cen-I.fit	2457626.504061	0.486519	0.000461
65	Processed_l20160826-000528-V0645_Cen-I.fit	2457626.504373	0.489016	0.000462
66	Processed_l20160826-000556-V0645_Cen-I.fit	2457626.504697	0.486136	0.000460
67	Processed_l20160826-000623-V0645_Cen-I.fit	2457626.505010	0.486640	0.000461
68	Processed_l20160826-000651-V0645_Cen-I.fit	2457626.505334	0.488312	0.000462
69	Processed_l20160826-000718-V0645_Cen-I.fit	2457626.505646	0.483963	0.000460
70	Processed_l20160826-000746-V0645_Cen-I.fit	2457626.505970	0.487859	0.000463
71	Processed_l20160826-000814-V0645_Cen-I.fit	2457626.506294	0.487847	0.000463
72	Processed_l20160826-000841-V0645_Cen-I.fit	2457626.506607	0.484786	0.000460
73	Processed_l20160826-000909-V0645_Cen-I.fit	2457626.506931	0.487346	0.000462
74	Processed_l20160826-000936-V0645_Cen-I.fit	2457626.507243	0.486558	0.000462
75	Processed_l20160826-001004-V0645_Cen-I.fit	2457626.507567	0.486577	0.000462
76	Processed_l20160826-001032-V0645_Cen-I.fit	2457626.507891	0.486044	0.000462
77	Processed_l20160826-001059-V0645_Cen-I.fit	2457626.508204	0.488001	0.000463
78	Processed_l20160826-001127-V0645_Cen-I.fit	2457626.508528	0.486695	0.000462
79	Processed_l20160826-001154-V0645_Cen-I.fit	2457626.508840	0.486847	0.000462
80	Processed_l20160826-001222-V0645_Cen-I.fit	2457626.509165	0.486788	0.000463
81	Processed_l20160826-001250-V0645_Cen-I.fit	2457626.509489	0.486351	0.000462
82	Processed_l20160826-001317-V0645_Cen-I.fit	2457626.509801	0.486022	0.000462
83	Processed_l20160826-001345-V0645_Cen-I.fit	2457626.510125	0.482725	0.000459
84	Processed_l20160826-001412-V0645_Cen-I.fit	2457626.510438	0.484064	0.000461
85	Processed_l20160826-001440-V0645_Cen-I.fit	2457626.510762	0.487160	0.000463
86	Processed_l20160826-001508-V0645_Cen-I.fit	2457626.511086	0.486728	0.000466
87	Processed_l20160826-001535-V0645_Cen-I.fit	2457626.511398	0.488198	0.000463
88	Processed_l20160826-001603-V0645_Cen-I.fit	2457626.511722	0.486964	0.000464
89	Processed_l20160826-001630-V0645_Cen-I.fit	2457626.512035	0.486697	0.000463
90	Processed_l20160826-001658-V0645_Cen-I.fit	2457626.512359	0.486914	0.000463
91	Processed_l20160826-001725-V0645_Cen-I.fit	2457626.512671	0.488350	0.000464
92	Processed_l20160826-001753-V0645_Cen-I.fit	2457626.512995	0.485968	0.000462
93	Processed_l20160826-001820-V0645_Cen-I.fit	2457626.513308	0.485662	0.000462
94	Processed_l20160826-001848-V0645_Cen-I.fit	2457626.513632	0.484886	0.000462
95	Processed_l20160826-001915-V0645_Cen-I.fit	2457626.513944	0.488297	0.000464
96	Processed_l20160826-001943-V0645_Cen-I.fit	2457626.514268	0.489045	0.000465
97	Processed_l20160826-002010-V0645_Cen-I.fit	2457626.514581	0.485213	0.000462
98	Processed_l20160826-002038-V0645_Cen-I.fit	2457626.514905	0.484771	0.000461
99	Processed_l20160826-002105-V0645_Cen-I.fit	2457626.515217	0.485556	0.000462
100	Processed_l20160826-002133-V0645_Cen-I.fit	2457626.515541	0.486529	0.000462
101	Processed_l20160826-002200-V0645_Cen-I.fit	2457626.515865	0.486822	0.000463
102	Processed_l20160826-002228-V0645_Cen-I.fit	2457626.516178	0.487824	0.000463
103	Processed_l20160826-002256-V0645_Cen-I.fit	2457626.516502	0.487512	0.000463
104	Processed_l20160826-002324-V0645_Cen-I.fit	2457626.516838	0.488500	0.000464
105	Processed_l20160826-002352-V0645_Cen-I.fit	2457626.517150	0.484132	0.000461
106	Processed_l20160826-002419-V0645_Cen-I.fit	2457626.517474	0.488225	0.000463
107	Processed_l20160826-002447-V0645_Cen-I.fit	2457626.517787	0.486653	0.000462
108	Processed_l20160826-002514-V0645_Cen-I.fit	2457626.518111	0.488361	0.000464
109	Processed_l20160826-002542-V0645_Cen-I.fit	2457626.518423	0.485180	0.000461
110	Processed_l20160826-002610-V0645_Cen-I.fit	2457626.518747	0.487048	0.000462
111	Processed_l20160826-002637-V0645_Cen-I.fit	2457626.519060	0.488432	0.000463
112	Processed_l20160826-002705-V0645_Cen-I.fit	2457626.519384	0.486411	0.000460
113	Processed_l20160826-002732-V0645_Cen-I.fit	2457626.519696	0.489210	0.000463
114	Processed_l20160826-002800-V0645_Cen-I.fit	2457626.520020	0.487007	0.000462
115	Processed_l20160826-002828-V0645_Cen-I.fit	2457626.520344	0.485055	0.000461
116	Processed_l20160826-002855-V0645_Cen-I.fit	2457626.520657	0.487473	0.000462
117	Processed_l20160826-002923-V0645_Cen-I.fit	2457626.520981	0.487048	0.000463
118	Processed_l20160826-002950-V0645_Cen-I.fit	2457626.521293	0.487828	0.000463
119	Processed_l20160826-003018-V0645_Cen-I.fit	2457626.521617	0.489536	0.000464
120	Processed_l20160826-003045-V0645_Cen-I.fit	2457626.521930	0.490420	0.000465
121	Processed_l20160826-003113-V0645_Cen-I.fit	2457626.522254	0.485977	0.000462
122	Processed_l20160826-003140-V0645_Cen-I.fit	2457626.522566	0.488705	0.000464
123	Processed_l20160826-003208-V0645_Cen-I.fit	2457626.522890	0.484354	0.000460
124	Processed_l20160826-003235-V0645_Cen-I.fit	2457626.523203	0.484629	0.000461
125	Processed_l20160826-003303-V0645_Cen-I.fit	2457626.523527	0.485761	0.000462
126	Processed_l20160826-003331-V0645_Cen-I.fit	2457626.523851	0.485191	0.000462
127	Processed_l20160826-003358-V0645_Cen-I.fit	2457626.524164	0.486865	0.000463
128	Processed_l20160826-003426-V0645_Cen-I.fit	2457626.524488	0.488006	0.000464
129	Processed_l20160826-003453-V0645_Cen-I.fit	2457626.524812	0.485491	0.000462
130	Processed_l20160826-003521-V0645_Cen-I.fit	2457626.525124	0.487995	0.000465
131	Processed_l20160826-003549-V0645_Cen-I.fit	2457626.525448	0.488283	0.000465
132	Processed_l20160826-003616-V0645_Cen-I.fit	2457626.525761	0.488405	0.000465
133	Processed_l20160826-003644-V0645_Cen-I.fit	2457626.526085	0.483980	0.000461
134	Processed_l20160826-003712-V0645_Cen-I.fit	2457626.526409	0.487214	0.000464
135	Processed_l20160826-003739-V0645_Cen-I.fit	2457626.526721	0.483840	0.000460
136	Processed_l20160826-003807-V0645_Cen-I.fit	2457626.527045	0.487911	0.000464
137	Processed_l20160826-003834-V0645_Cen-I.fit	2457626.527358	0.487778	0.000464
138	Processed_l20160826-003902-V0645_Cen-I.fit	2457626.527682	0.486631	0.000463
139	Processed_l20160826-003929-V0645_Cen-I.fit	2457626.527994	0.485740	0.000462
140	Processed_l20160826-003957-V0645_Cen-I.fit	2457626.528318	0.486364	0.000464
141	Processed_l20160826-004024-V0645_Cen-I.fit	2457626.528631	0.487983	0.000465
142	Processed_l20160826-004052-V0645_Cen-I.fit	2457626.528955	0.487504	0.000464
143	Processed_l20160826-004119-V0645_Cen-I.fit	2457626.529267	0.486917	0.000463
144	Processed_l20160826-004147-V0645_Cen-I.fit	2457626.529591	0.484597	0.000461
145	Processed_l20160826-004214-V0645_Cen-I.fit	2457626.529904	0.485757	0.000462
146	Processed_l20160826-004242-V0645_Cen-I.fit	2457626.530228	0.487566	0.000463
147	Processed_l20160826-004309-V0645_Cen-I.fit	2457626.530540	0.489709	0.000465
148	Processed_l20160826-004337-V0645_Cen-I.fit	2457626.530864	0.484851	0.000462
149	Processed_l20160826-004404-V0645_Cen-I.fit	2457626.531177	0.487942	0.000464
150	Processed_l20160826-004432-V0645_Cen-I.fit	2457626.531501	0.490562	0.000466
151	Processed_l20160826-004505-V0645_Cen-I.fit	2457626.531883	0.488118	0.000464
152	Processed_l20160826-004532-V0645_Cen-I.fit	2457626.532195	0.487002	0.000463
153	Processed_l20160826-004600-V0645_Cen-I.fit	2457626.532531	0.483309	0.000460
154	Processed_l20160826-004628-V0645_Cen-I.fit	2457626.532843	0.486154	0.000461
155	Processed_l20160826-004656-V0645_Cen-I.fit	2457626.533168	0.484880	0.000461
156	Processed_l20160826-004723-V0645_Cen-I.fit	2457626.533480	0.487053	0.000462
157	Processed_l20160826-004751-V0645_Cen-I.fit	2457626.533804	0.488367	0.000464
158	Processed_l20160826-004818-V0645_Cen-I.fit	2457626.534117	0.487601	0.000463
159	Processed_l20160826-004846-V0645_Cen-I.fit	2457626.534441	0.485558	0.000462
160	Processed_l20160826-004913-V0645_Cen-I.fit	2457626.534753	0.483403	0.000460
161	Processed_l20160826-004941-V0645_Cen-I.fit	2457626.535077	0.486290	0.000462
162	Processed_l20160826-005008-V0645_Cen-I.fit	2457626.535390	0.486797	0.000462
163	Processed_l20160826-005036-V0645_Cen-I.fit	2457626.535714	0.485989	0.000462
164	Processed_l20160826-005103-V0645_Cen-I.fit	2457626.536026	0.485367	0.000462
165	Processed_l20160826-005131-V0645_Cen-I.fit	2457626.536350	0.486154	0.000462
166	Processed_l20160826-005158-V0645_Cen-I.fit	2457626.536663	0.485473	0.000461
167	Processed_l20160826-005226-V0645_Cen-I.fit	2457626.536987	0.489045	0.000464
168	Processed_l20160826-005254-V0645_Cen-I.fit	2457626.537311	0.488590	0.000464
169	Processed_l20160826-005321-V0645_Cen-I.fit	2457626.537623	0.489111	0.000464
170	Processed_l20160826-005349-V0645_Cen-I.fit	2457626.537947	0.488197	0.000462
171	Processed_l20160826-005416-V0645_Cen-I.fit	2457626.538260	0.486449	0.000461
172	Processed_l20160826-005444-V0645_Cen-I.fit	2457626.538584	0.488954	0.000463
173	Processed_l20160826-005511-V0645_Cen-I.fit	2457626.538896	0.487879	0.000463
174	Processed_l20160826-005539-V0645_Cen-I.fit	2457626.539220	0.485880	0.000460
175	Processed_l20160826-005606-V0645_Cen-I.fit	2457626.539533	0.488632	0.000463
176	Processed_l20160826-005634-V0645_Cen-I.fit	2457626.539857	0.484146	0.000459
177	Processed_l20160826-005701-V0645_Cen-I.fit	2457626.540169	0.485354	0.000461
178	Processed_l20160826-005729-V0645_Cen-I.fit	2457626.540493	0.485024	0.000460
179	Processed_l20160826-005757-V0645_Cen-I.fit	2457626.540817	0.488448	0.000463
180	Processed_l20160826-005824-V0645_Cen-I.fit	2457626.541130	0.486654	0.000461
181	Processed_l20160826-005852-V0645_Cen-I.fit	2457626.541454	0.485453	0.000461
182	Processed_l20160826-005919-V0645_Cen-I.fit	2457626.541766	0.488065	0.000463
183	Processed_l20160826-005947-V0645_Cen-I.fit	2457626.542091	0.486998	0.000463
184	Processed_l20160826-010015-V0645_Cen-I.fit	2457626.542415	0.485709	0.000461
185	Processed_l20160826-010042-V0645_Cen-I.fit	2457626.542727	0.486022	0.000461
186	Processed_l20160826-010110-V0645_Cen-I.fit	2457626.543051	0.489160	0.000463
187	Processed_l20160826-010137-V0645_Cen-I.fit	2457626.543375	0.486151	0.000460
188	Processed_l20160826-010205-V0645_Cen-I.fit	2457626.543688	0.483462	0.000458
189	Processed_l20160826-010233-V0645_Cen-I.fit	2457626.544012	0.483589	0.000459
190	Processed_l20160826-010300-V0645_Cen-I.fit	2457626.544324	0.486681	0.000461
191	Processed_l20160826-010328-V0645_Cen-I.fit	2457626.544648	0.487181	0.000462
192	Processed_l20160826-010356-V0645_Cen-I.fit	2457626.544972	0.484109	0.000459
193	Processed_l20160826-010423-V0645_Cen-I.fit	2457626.545285	0.484920	0.000460
194	Processed_l20160826-010451-V0645_Cen-I.fit	2457626.545609	0.492537	0.000465
195	Processed_l20160826-010519-V0645_Cen-I.fit	2457626.545933	0.484501	0.000459
196	Processed_l20160826-010546-V0645_Cen-I.fit	2457626.546245	0.484478	0.000459
197	Processed_l20160826-010614-V0645_Cen-I.fit	2457626.546569	0.486966	0.000461
198	Processed_l20160826-010641-V0645_Cen-I.fit	2457626.546893	0.484735	0.000460
199	Processed_l20160826-010709-V0645_Cen-I.fit	2457626.547206	0.485706	0.000460
200	Processed_l20160826-010859-V0645_Cen-I.fit	2457626.548479	0.489038	0.000463
201	Processed_l20160826-010954-V0645_Cen-I.fit	2457626.549127	0.486940	0.000461
202	Processed_l20160826-011022-V0645_Cen-I.fit	2457626.549440	0.489594	0.000464
203	Processed_l20160826-011050-V0645_Cen-I.fit	2457626.549764	0.485826	0.000462
204	Processed_l20160826-011117-V0645_Cen-I.fit	2457626.550076	0.485407	0.000461
205	Processed_l20160826-011145-V0645_Cen-I.fit	2457626.550400	0.483055	0.000459
206	Processed_l20160826-011212-V0645_Cen-I.fit	2457626.550713	0.484360	0.000460
207	Processed_l20160826-011240-V0645_Cen-I.fit	2457626.551037	0.481678	0.000459
208	Processed_l20160826-011307-V0645_Cen-I.fit	2457626.551349	0.486310	0.000461
209	Processed_l20160826-011335-V0645_Cen-I.fit	2457626.551673	0.483244	0.000459
210	Processed_l20160826-011402-V0645_Cen-I.fit	2457626.551986	0.486724	0.000461
211	Processed_l20160826-011430-V0645_Cen-I.fit	2457626.552310	0.487442	0.000462
212	Processed_l20160826-011457-V0645_Cen-I.fit	2457626.552634	0.484683	0.000460
213	Processed_l20160826-011525-V0645_Cen-I.fit	2457626.552946	0.485378	0.000461
214	Processed_l20160826-011552-V0645_Cen-I.fit	2457626.553259	0.486003	0.000461
215	Processed_l20160826-011620-V0645_Cen-I.fit	2457626.553583	0.482073	0.000458
216	Processed_l20160826-011647-V0645_Cen-I.fit	2457626.553907	0.484170	0.000460
217	Processed_l20160826-011715-V0645_Cen-I.fit	2457626.554219	0.483966	0.000460
218	Processed_l20160826-011742-V0645_Cen-I.fit	2457626.554543	0.488555	0.000465
219	Processed_l20160826-011810-V0645_Cen-I.fit	2457626.554856	0.486113	0.000462
220	Processed_l20160826-011837-V0645_Cen-I.fit	2457626.555180	0.481941	0.000459
221	Processed_l20160826-011905-V0645_Cen-I.fit	2457626.555492	0.484750	0.000461
222	Processed_l20160826-011933-V0645_Cen-I.fit	2457626.555816	0.483316	0.000461
223	Processed_l20160826-012000-V0645_Cen-I.fit	2457626.556129	0.483731	0.000461
224	Processed_l20160826-012028-V0645_Cen-I.fit	2457626.556453	0.484616	0.000462
225	Processed_l20160826-012055-V0645_Cen-I.fit	2457626.556765	0.481768	0.000461
226	Processed_l20160826-012123-V0645_Cen-I.fit	2457626.557089	0.484639	0.000463
227	Processed_l20160826-012150-V0645_Cen-I.fit	2457626.557402	0.483337	0.000462
228	Processed_l20160826-012218-V0645_Cen-I.fit	2457626.557726	0.484440	0.000464
229	Processed_l20160826-012246-V0645_Cen-I.fit	2457626.558050	0.486265	0.000463
230	Processed_l20160826-012313-V0645_Cen-I.fit	2457626.558363	0.488033	0.000465
231	Processed_l20160826-012341-V0645_Cen-I.fit	2457626.558687	0.486796	0.000463
232	Processed_l20160826-012408-V0645_Cen-I.fit	2457626.558999	0.484699	0.000461
233	Processed_l20160826-012436-V0645_Cen-I.fit	2457626.559323	0.484015	0.000461
234	Processed_l20160826-012503-V0645_Cen-I.fit	2457626.559647	0.483437	0.000460
235	Processed_l20160826-012531-V0645_Cen-I.fit	2457626.559960	0.482355	0.000459
236	Processed_l20160826-012558-V0645_Cen-I.fit	2457626.560272	0.482832	0.000460
237	Processed_l20160826-012626-V0645_Cen-I.fit	2457626.560596	0.487608	0.000464
238	Processed_l20160826-012654-V0645_Cen-I.fit	2457626.560920	0.483741	0.000461
239	Processed_l20160826-012721-V0645_Cen-I.fit	2457626.561233	0.484223	0.000461
240	Processed_l20160826-012749-V0645_Cen-I.fit	2457626.561557	0.486002	0.000463
241	Processed_l20160826-012816-V0645_Cen-I.fit	2457626.561869	0.482600	0.000460
242	Processed_l20160826-012844-V0645_Cen-I.fit	2457626.562193	0.485161	0.000462
243	Processed_l20160826-012912-V0645_Cen-I.fit	2457626.562517	0.483463	0.000461
244	Processed_l20160826-012939-V0645_Cen-I.fit	2457626.562830	0.478074	0.000458
245	Processed_l20160826-013007-V0645_Cen-I.fit	2457626.563154	0.484232	0.000462
246	Processed_l20160826-013034-V0645_Cen-I.fit	2457626.563466	0.483857	0.000462
247	Processed_l20160826-013102-V0645_Cen-I.fit	2457626.563790	0.482560	0.000461
248	Processed_l20160826-013129-V0645_Cen-I.fit	2457626.564114	0.481922	0.000461
249	Processed_l20160826-013157-V0645_Cen-I.fit	2457626.564427	0.483571	0.000462
250	Processed_l20160826-013225-V0645_Cen-I.fit	2457626.564751	0.480817	0.000461
251	Processed_l20160826-013252-V0645_Cen-I.fit	2457626.565063	0.486400	0.000463
252	Processed_l20160826-013320-V0645_Cen-I.fit	2457626.565387	0.483427	0.000463
253	Processed_l20160826-013347-V0645_Cen-I.fit	2457626.565712	0.485402	0.000464
254	Processed_l20160826-013415-V0645_Cen-I.fit	2457626.566024	0.483861	0.000463
255	Processed_l20160826-013443-V0645_Cen-I.fit	2457626.566348	0.486624	0.000465
256	Processed_l20160826-013510-V0645_Cen-I.fit	2457626.566661	0.481218	0.000461
257	Processed_l20160826-013538-V0645_Cen-I.fit	2457626.566985	0.485889	0.000464
258	Processed_l20160826-013605-V0645_Cen-I.fit	2457626.567297	0.486798	0.000466
259	Processed_l20160826-013633-V0645_Cen-I.fit	2457626.567621	0.483571	0.000463
260	Processed_l20160826-013700-V0645_Cen-I.fit	2457626.567934	0.480614	0.000461
261	Processed_l20160826-013728-V0645_Cen-I.fit	2457626.568258	0.484269	0.000464
262	Processed_l20160826-013755-V0645_Cen-I.fit	2457626.568582	0.487496	0.000466
263	Processed_l20160826-013823-V0645_Cen-I.fit	2457626.568894	0.485222	0.000464
264	Processed_l20160826-013850-V0645_Cen-I.fit	2457626.569218	0.479787	0.000460
265	Processed_l20160826-013918-V0645_Cen-I.fit	2457626.569531	0.484908	0.000464
266	Processed_l20160826-013946-V0645_Cen-I.fit	2457626.569855	0.487023	0.000465
267	Processed_l20160826-014013-V0645_Cen-I.fit	2457626.570167	0.485346	0.000465
268	Processed_l20160826-014041-V0645_Cen-I.fit	2457626.570491	0.487853	0.000467
269	Processed_l20160826-014108-V0645_Cen-I.fit	2457626.570804	0.484596	0.000464
270	Processed_l20160826-014136-V0645_Cen-I.fit	2457626.571128	0.481855	0.000463
271	Processed_l20160826-014203-V0645_Cen-I.fit	2457626.571440	0.482543	0.000463
272	Processed_l20160826-014231-V0645_Cen-I.fit	2457626.571764	0.487573	0.000467
273	Processed_l20160826-014258-V0645_Cen-I.fit	2457626.572077	0.487462	0.000466
274	Processed_l20160826-014326-V0645_Cen-I.fit	2457626.572401	0.486048	0.000465
275	Processed_l20160826-014353-V0645_Cen-I.fit	2457626.572725	0.484280	0.000465
276	Processed_l20160826-014421-V0645_Cen-I.fit	2457626.573037	0.488219	0.000467
277	Processed_l20160826-014448-V0645_Cen-I.fit	2457626.573361	0.482500	0.000462
278	Processed_l20160826-014516-V0645_Cen-I.fit	2457626.573674	0.486347	0.000465
279	Processed_l20160826-014544-V0645_Cen-I.fit	2457626.573998	0.485746	0.000465
280	Processed_l20160826-014611-V0645_Cen-I.fit	2457626.574310	0.484866	0.000464
281	Processed_l20160826-014639-V0645_Cen-I.fit	2457626.574635	0.483780	0.000464
282	Processed_l20160826-014706-V0645_Cen-I.fit	2457626.574947	0.484292	0.000463
283	Processed_l20160826-014734-V0645_Cen-I.fit	2457626.575271	0.485967	0.000464
284	Processed_l20160826-014802-V0645_Cen-I.fit	2457626.575595	0.484190	0.000463
285	Processed_l20160826-014829-V0645_Cen-I.fit	2457626.575908	0.482950	0.000462
286	Processed_l20160826-014857-V0645_Cen-I.fit	2457626.576232	0.485790	0.000464
287	Processed_l20160826-014924-V0645_Cen-I.fit	2457626.576544	0.485655	0.000463
288	Processed_l20160826-014952-V0645_Cen-I.fit	2457626.576868	0.486262	0.000463
289	Processed_l20160826-015047-V0645_Cen-I.fit	2457626.577505	0.486448	0.000465
290	Processed_l20160826-015114-V0645_Cen-I.fit	2457626.577829	0.482304	0.000461
291	Processed_l20160826-015142-V0645_Cen-I.fit	2457626.578141	0.484829	0.000463
292	Processed_l20160826-015210-V0645_Cen-I.fit	2457626.578465	0.487097	0.000465
293	Processed_l20160826-015237-V0645_Cen-I.fit	2457626.578789	0.484343	0.000463
294	Processed_l20160826-015305-V0645_Cen-I.fit	2457626.579102	0.485661	0.000464
295	Processed_l20160826-015332-V0645_Cen-I.fit	2457626.579426	0.487415	0.000467
296	Processed_l20160826-015405-V0645_Cen-I.fit	2457626.579796	0.482008	0.000462
297	Processed_l20160826-015433-V0645_Cen-I.fit	2457626.580120	0.487485	0.000465
298	Processed_l20160826-015501-V0645_Cen-I.fit	2457626.580444	0.488909	0.000467
299	Processed_l20160826-015528-V0645_Cen-I.fit	2457626.580757	0.483880	0.000463
300	Processed_l20160826-015556-V0645_Cen-I.fit	2457626.581081	0.486581	0.000465
301	Processed_l20160826-015624-V0645_Cen-I.fit	2457626.581405	0.482007	0.000462
302	Processed_l20160826-015652-V0645_Cen-I.fit	2457626.581729	0.490669	0.000469
303	Processed_l20160826-015719-V0645_Cen-I.fit	2457626.582041	0.495754	0.000472
304	Processed_l20160826-015747-V0645_Cen-I.fit	2457626.582365	0.490710	0.000469
305	Processed_l20160826-015814-V0645_Cen-I.fit	2457626.582678	0.486990	0.000467
306	Processed_l20160826-015842-V0645_Cen-I.fit	2457626.583002	0.485576	0.000466
307	Processed_l20160826-015909-V0645_Cen-I.fit	2457626.583314	0.491001	0.000469
308	Processed_l20160826-015937-V0645_Cen-I.fit	2457626.583639	0.489677	0.000470
309	Processed_l20160826-020004-V0645_Cen-I.fit	2457626.583951	0.492064	0.000471
310	Processed_l20160826-020032-V0645_Cen-I.fit	2457626.584275	0.485501	0.000466
311	Processed_l20160826-020059-V0645_Cen-I.fit	2457626.584588	0.486361	0.000466
312	Processed_l20160826-020127-V0645_Cen-I.fit	2457626.584912	0.487481	0.000468
313	Processed_l20160826-020154-V0645_Cen-I.fit	2457626.585236	0.487342	0.000469
314	Processed_l20160826-020222-V0645_Cen-I.fit	2457626.585548	0.488747	0.000470
315	Processed_l20160826-020249-V0645_Cen-I.fit	2457626.585872	0.482389	0.000466
316	Processed_l20160826-020317-V0645_Cen-I.fit	2457626.586185	0.487062	0.000469
317	Processed_l20160826-020344-V0645_Cen-I.fit	2457626.586509	0.486192	0.000468
318	Processed_l20160826-020412-V0645_Cen-I.fit	2457626.586821	0.490415	0.000471
319	Processed_l20160826-020439-V0645_Cen-I.fit	2457626.587134	0.484490	0.000467
320	Processed_l20160826-020507-V0645_Cen-I.fit	2457626.587458	0.490266	0.000470
321	Processed_l20160826-020534-V0645_Cen-I.fit	2457626.587782	0.484790	0.000466
322	Processed_l20160826-020602-V0645_Cen-I.fit	2457626.588094	0.487422	0.000467
323	Processed_l20160826-020630-V0645_Cen-I.fit	2457626.588418	0.489180	0.000471
324	Processed_l20160826-020657-V0645_Cen-I.fit	2457626.588731	0.485380	0.000467
325	Processed_l20160826-020725-V0645_Cen-I.fit	2457626.589055	0.487395	0.000469
326	Processed_l20160826-020752-V0645_Cen-I.fit	2457626.589379	0.481332	0.000465
327	Processed_l20160826-020820-V0645_Cen-I.fit	2457626.589691	0.490786	0.000472
328	Processed_l20160826-020848-V0645_Cen-I.fit	2457626.590015	0.485502	0.000467
329	Processed_l20160826-020915-V0645_Cen-I.fit	2457626.590339	0.489923	0.000471
330	Processed_l20160826-020943-V0645_Cen-I.fit	2457626.590652	0.483683	0.000466
331	Processed_l20160826-021011-V0645_Cen-I.fit	2457626.590976	0.488935	0.000471
332	Processed_l20160826-021038-V0645_Cen-I.fit	2457626.591288	0.485685	0.000467
333	Processed_l20160826-021106-V0645_Cen-I.fit	2457626.591613	0.489845	0.000470
334	Processed_l20160826-021133-V0645_Cen-I.fit	2457626.591937	0.489131	0.000471
335	Processed_l20160826-021201-V0645_Cen-I.fit	2457626.592249	0.489162	0.000470
336	Processed_l20160826-021229-V0645_Cen-I.fit	2457626.592573	0.491828	0.000472
337	Processed_l20160826-021256-V0645_Cen-I.fit	2457626.592886	0.486400	0.000469
338	Processed_l20160826-021324-V0645_Cen-I.fit	2457626.593210	0.490607	0.000471
339	Processed_l20160826-021351-V0645_Cen-I.fit	2457626.593522	0.488365	0.000469
340	Processed_l20160826-021419-V0645_Cen-I.fit	2457626.593846	0.482401	0.000465
341	Processed_l20160826-021447-V0645_Cen-I.fit	2457626.594170	0.486727	0.000468
342	Processed_l20160826-021514-V0645_Cen-I.fit	2457626.594483	0.484976	0.000467
343	Processed_l20160826-021542-V0645_Cen-I.fit	2457626.594807	0.486342	0.000469
344	Processed_l20160826-021609-V0645_Cen-I.fit	2457626.595119	0.483926	0.000467
345	Processed_l20160826-021637-V0645_Cen-I.fit	2457626.595443	0.483767	0.000467
346	Processed_l20160826-021704-V0645_Cen-I.fit	2457626.595756	0.484641	0.000469
347	Processed_l20160826-021732-V0645_Cen-I.fit	2457626.596080	0.489437	0.000471
348	Processed_l20160826-021759-V0645_Cen-I.fit	2457626.596404	0.485154	0.000468
349	Processed_l20160826-021827-V0645_Cen-I.fit	2457626.596716	0.485416	0.000468
350	Processed_l20160826-021854-V0645_Cen-I.fit	2457626.597040	0.485357	0.000468
351	Processed_l20160826-021922-V0645_Cen-I.fit	2457626.597353	0.489029	0.000472
352	Processed_l20160826-021950-V0645_Cen-I.fit	2457626.597677	0.485833	0.000469
353	Processed_l20160826-022017-V0645_Cen-I.fit	2457626.597989	0.483050	0.000467
354	Processed_l20160826-022045-V0645_Cen-I.fit	2457626.598313	0.490922	0.000473
355	Processed_l20160826-022112-V0645_Cen-I.fit	2457626.598626	0.489385	0.000472
356	Processed_l20160826-022140-V0645_Cen-I.fit	2457626.598950	0.484765	0.000469
357	Processed_l20160826-022207-V0645_Cen-I.fit	2457626.599262	0.485089	0.000468
358	Processed_l20160826-022235-V0645_Cen-I.fit	2457626.599586	0.484407	0.000468
359	Processed_l20160826-022302-V0645_Cen-I.fit	2457626.599899	0.488580	0.000473
360	Processed_l20160826-022330-V0645_Cen-I.fit	2457626.600223	0.490345	0.000474
361	Processed_l20160826-022425-V0645_Cen-I.fit	2457626.600860	0.484953	0.000470
362	Processed_l20160826-022452-V0645_Cen-I.fit	2457626.601172	0.486145	0.000471
363	Processed_l20160826-022520-V0645_Cen-I.fit	2457626.601496	0.485741	0.000471
364	Processed_l20160826-022548-V0645_Cen-I.fit	2457626.601820	0.486091	0.000470
365	Processed_l20160826-022615-V0645_Cen-I.fit	2457626.602133	0.486610	0.000471
366	Processed_l20160826-022710-V0645_Cen-I.fit	2457626.602769	0.480901	0.000467
367	Processed_l20160826-022738-V0645_Cen-I.fit	2457626.603093	0.483094	0.000467
368	Processed_l20160826-022806-V0645_Cen-I.fit	2457626.603417	0.483047	0.000468
369	Processed_l20160826-022834-V0645_Cen-I.fit	2457626.603741	0.490370	0.000473
370	Processed_l20160826-022901-V0645_Cen-I.fit	2457626.604054	0.485286	0.000470
371	Processed_l20160826-022929-V0645_Cen-I.fit	2457626.604378	0.486704	0.000471
372	Processed_l20160826-022956-V0645_Cen-I.fit	2457626.604690	0.491033	0.000474
373	Processed_l20160826-023024-V0645_Cen-I.fit	2457626.605014	0.483564	0.000469
374	Processed_l20160826-023051-V0645_Cen-I.fit	2457626.605327	0.489065	0.000474
375	Processed_l20160826-023119-V0645_Cen-I.fit	2457626.605651	0.487628	0.000473
376	Processed_l20160826-023242-V0645_Cen-I.fit	2457626.606611	0.484838	0.000474
377	Processed_l20160826-023310-V0645_Cen-I.fit	2457626.606936	0.489112	0.000477
378	Processed_l20160826-023337-V0645_Cen-I.fit	2457626.607248	0.486945	0.000475
379	Processed_l20160826-023405-V0645_Cen-I.fit	2457626.607572	0.486419	0.000474
380	Processed_l20160826-023433-V0645_Cen-I.fit	2457626.607896	0.493210	0.000480
381	Processed_l20160826-023501-V0645_Cen-I.fit	2457626.608220	0.491766	0.000479
382	Processed_l20160826-023528-V0645_Cen-I.fit	2457626.608533	0.485795	0.000474
383	Processed_l20160826-023556-V0645_Cen-I.fit	2457626.608857	0.494082	0.000481
384	Processed_l20160826-023623-V0645_Cen-I.fit	2457626.609169	0.485368	0.000474
385	Processed_l20160826-023651-V0645_Cen-I.fit	2457626.609493	0.490203	0.000478
386	Processed_l20160826-023718-V0645_Cen-I.fit	2457626.609806	0.487952	0.000476
387	Processed_l20160826-023746-V0645_Cen-I.fit	2457626.610130	0.493046	0.000480
388	Processed_l20160826-023841-V0645_Cen-I.fit	2457626.610766	0.486942	0.000477
389	Processed_l20160826-023909-V0645_Cen-I.fit	2457626.611090	0.483920	0.000473
390	Processed_l20160826-023936-V0645_Cen-I.fit	2457626.611403	0.488738	0.000477
391	Processed_l20160826-024004-V0645_Cen-I.fit	2457626.611727	0.485517	0.000476
392	Processed_l20160826-024059-V0645_Cen-I.fit	2457626.612363	0.488267	0.000477
393	Processed_l20160826-024126-V0645_Cen-I.fit	2457626.612676	0.488773	0.000479
394	Processed_l20160826-024154-V0645_Cen-I.fit	2457626.613000	0.489864	0.000478
395	Processed_l20160826-024221-V0645_Cen-I.fit	2457626.613312	0.487638	0.000477
396	Processed_l20160826-024249-V0645_Cen-I.fit	2457626.613636	0.487276	0.000476
397	Processed_l20160826-024316-V0645_Cen-I.fit	2457626.613960	0.483850	0.000474
398	Processed_l20160826-024344-V0645_Cen-I.fit	2457626.614273	0.492699	0.000480
399	Processed_l20160826-024412-V0645_Cen-I.fit	2457626.614597	0.484215	0.000474
400	Processed_l20160826-024440-V0645_Cen-I.fit	2457626.614921	0.487751	0.000475
401	Processed_l20160826-024507-V0645_Cen-I.fit	2457626.615234	0.486526	0.000476
402	Processed_l20160826-024535-V0645_Cen-I.fit	2457626.615558	0.488675	0.000476
403	Processed_l20160826-024602-V0645_Cen-I.fit	2457626.615882	0.485192	0.000475
404	Processed_l20160826-024630-V0645_Cen-I.fit	2457626.616194	0.497470	0.000484
405	Processed_l20160826-024658-V0645_Cen-I.fit	2457626.616518	0.482882	0.000472
406	Processed_l20160826-024725-V0645_Cen-I.fit	2457626.616831	0.483406	0.000474
407	Processed_l20160826-024753-V0645_Cen-I.fit	2457626.617155	0.486607	0.000476
408	Processed_l20160826-024821-V0645_Cen-I.fit	2457626.617479	0.486877	0.000474
409	Processed_l20160826-024848-V0645_Cen-I.fit	2457626.617791	0.485809	0.000475
410	Processed_l20160826-024916-V0645_Cen-I.fit	2457626.618115	0.484974	0.000473
411	Processed_l20160826-024943-V0645_Cen-I.fit	2457626.618428	0.487373	0.000474
412	Processed_l20160826-025011-V0645_Cen-I.fit	2457626.618752	0.485011	0.000472
413	Processed_l20160826-025038-V0645_Cen-I.fit	2457626.619064	0.489057	0.000475
414	Processed_l20160826-025106-V0645_Cen-I.fit	2457626.619388	0.485784	0.000474
415	Processed_l20160826-025134-V0645_Cen-I.fit	2457626.619712	0.493541	0.000477
416	Processed_l20160826-025229-V0645_Cen-I.fit	2457626.620349	0.487672	0.000474
417	Processed_l20160826-025257-V0645_Cen-I.fit	2457626.620673	0.488874	0.000476
418	Processed_l20160826-025324-V0645_Cen-I.fit	2457626.620985	0.490870	0.000475
419	Processed_l20160826-025352-V0645_Cen-I.fit	2457626.621310	0.489345	0.000475
420	Processed_l20160826-025419-V0645_Cen-I.fit	2457626.621622	0.485667	0.000473
421	Processed_l20160826-025447-V0645_Cen-I.fit	2457626.621946	0.483163	0.000471
422	Processed_l20160826-025514-V0645_Cen-I.fit	2457626.622259	0.484482	0.000471
423	Processed_l20160826-025542-V0645_Cen-I.fit	2457626.622583	0.481022	0.000468
424	Processed_l20160826-025610-V0645_Cen-I.fit	2457626.622907	0.482207	0.000469
425	Processed_l20160826-025637-V0645_Cen-I.fit	2457626.623219	0.492998	0.000477
426	Processed_l20160826-025705-V0645_Cen-I.fit	2457626.623543	0.491989	0.000477
427	Processed_l20160826-025733-V0645_Cen-I.fit	2457626.623867	0.495042	0.000479
428	Processed_l20160826-025800-V0645_Cen-I.fit	2457626.624180	0.484738	0.000470
429	Processed_l20160826-025828-V0645_Cen-I.fit	2457626.624504	0.489976	0.000474
430	Processed_l20160826-025855-V0645_Cen-I.fit	2457626.624816	0.483441	0.000470
431	Processed_l20160826-025923-V0645_Cen-I.fit	2457626.625140	0.487933	0.000473
432	Processed_l20160826-025951-V0645_Cen-I.fit	2457626.625464	0.490165	0.000475
433	Processed_l20160826-030018-V0645_Cen-I.fit	2457626.625777	0.487829	0.000472
434	Processed_l20160826-030046-V0645_Cen-I.fit	2457626.626101	0.485750	0.000472
435	Processed_l20160826-030113-V0645_Cen-I.fit	2457626.626413	0.489724	0.000473
436	Processed_l20160826-030141-V0645_Cen-I.fit	2457626.626737	0.481517	0.000468
437	Processed_l20160826-030208-V0645_Cen-I.fit	2457626.627061	0.494157	0.000476
438	Processed_l20160826-030236-V0645_Cen-I.fit	2457626.627374	0.485237	0.000471
