#	Label	BJD_TDB	rel_flux_T1	rel_flux_err_T1
1	Processed_l20160911-234318-V0645_Cen-I.fit	2457643.488034	0.184754	0.000146
2	Processed_l20160911-234412-V0645_Cen-I.fit	2457643.488450	0.179959	0.000162
3	Processed_l20160911-234447-V0645_Cen-I.fit	2457643.488855	0.178483	0.000161
4	Processed_l20160911-234522-V0645_Cen-I.fit	2457643.489260	0.182072	0.000163
5	Processed_l20160911-234632-V0645_Cen-I.fit	2457643.490071	0.178947	0.000160
6	Processed_l20160911-234706-V0645_Cen-I.fit	2457643.490464	0.182440	0.000164
7	Processed_l20160911-234741-V0645_Cen-I.fit	2457643.490869	0.181262	0.000163
8	Processed_l20160911-234816-V0645_Cen-I.fit	2457643.491286	0.183183	0.000164
9	Processed_l20160911-234852-V0645_Cen-I.fit	2457643.491691	0.181496	0.000163
10	Processed_l20160911-234928-V0645_Cen-I.fit	2457643.492107	0.180884	0.000161
11	Processed_l20160911-235003-V0645_Cen-I.fit	2457643.492513	0.179423	0.000162
12	Processed_l20160911-235038-V0645_Cen-I.fit	2457643.492918	0.178734	0.000161
13	Processed_l20160911-235114-V0645_Cen-I.fit	2457643.493334	0.180882	0.000163
14	Processed_l20160911-235149-V0645_Cen-I.fit	2457643.493739	0.182959	0.000166
15	Processed_l20160911-235252-V0645_Cen-I.fit	2457643.494480	0.179098	0.000163
16	Processed_l20160911-235358-V0645_Cen-I.fit	2457643.495232	0.181399	0.000162
17	Processed_l20160911-235432-V0645_Cen-I.fit	2457643.495626	0.182330	0.000163
18	Processed_l20160911-235509-V0645_Cen-I.fit	2457643.496054	0.177553	0.000161
19	Processed_l20160911-235545-V0645_Cen-I.fit	2457643.496471	0.179296	0.000161
20	Processed_l20160911-235620-V0645_Cen-I.fit	2457643.496876	0.178471	0.000161
21	Processed_l20160911-235654-V0645_Cen-I.fit	2457643.497281	0.182253	0.000163
22	Processed_l20160911-235729-V0645_Cen-I.fit	2457643.497674	0.183177	0.000163
23	Processed_l20160911-235804-V0645_Cen-I.fit	2457643.498091	0.177447	0.000160
24	Processed_l20160911-235840-V0645_Cen-I.fit	2457643.498496	0.183341	0.000164
25	Processed_l20160911-235915-V0645_Cen-I.fit	2457643.498901	0.180879	0.000160
26	Processed_l20160911-235951-V0645_Cen-I.fit	2457643.499318	0.183641	0.000164
27	Processed_l20160912-000109-V0645_Cen-I.fit	2457643.500220	0.183562	0.000163
28	Processed_l20160912-000144-V0645_Cen-I.fit	2457643.500625	0.185935	0.000166
29	Processed_l20160912-000303-V0645_Cen-I.fit	2457643.501540	0.179011	0.000160
30	Processed_l20160912-000338-V0645_Cen-I.fit	2457643.501945	0.183806	0.000165
31	Processed_l20160912-000413-V0645_Cen-I.fit	2457643.502350	0.186546	0.000166
32	Processed_l20160912-000547-V0645_Cen-I.fit	2457643.503438	0.177177	0.000161
33	Processed_l20160912-000617-V0645_Cen-I.fit	2457643.503785	0.180559	0.000162
34	Processed_l20160912-000647-V0645_Cen-I.fit	2457643.504132	0.180160	0.000161
35	Processed_l20160912-000718-V0645_Cen-I.fit	2457643.504491	0.180611	0.000158
36	Processed_l20160912-000748-V0645_Cen-I.fit	2457643.504838	0.177899	0.000158
37	Processed_l20160912-000818-V0645_Cen-I.fit	2457643.505185	0.187546	0.000160
38	Processed_l20160912-000848-V0645_Cen-I.fit	2457643.505532	0.186425	0.000161
39	Processed_l20160912-000918-V0645_Cen-I.fit	2457643.505880	0.179057	0.000157
40	Processed_l20160912-000949-V0645_Cen-I.fit	2457643.506238	0.178736	0.000157
41	Processed_l20160912-001019-V0645_Cen-I.fit	2457643.506586	0.176895	0.000157
42	Processed_l20160912-001049-V0645_Cen-I.fit	2457643.506933	0.175150	0.000158
43	Processed_l20160912-001120-V0645_Cen-I.fit	2457643.507292	0.179580	0.000160
44	Processed_l20160912-001150-V0645_Cen-I.fit	2457643.507639	0.177016	0.000157
45	Processed_l20160912-001221-V0645_Cen-I.fit	2457643.507998	0.179157	0.000159
46	Processed_l20160912-001251-V0645_Cen-I.fit	2457643.508345	0.182720	0.000161
47	Processed_l20160912-001322-V0645_Cen-I.fit	2457643.508704	0.180088	0.000160
48	Processed_l20160912-001351-V0645_Cen-I.fit	2457643.509039	0.182311	0.000162
49	Processed_l20160912-001422-V0645_Cen-I.fit	2457643.509398	0.182737	0.000162
50	Processed_l20160912-001453-V0645_Cen-I.fit	2457643.509757	0.184028	0.000164
51	Processed_l20160912-001524-V0645_Cen-I.fit	2457643.510116	0.181238	0.000161
52	Processed_l20160912-001554-V0645_Cen-I.fit	2457643.510463	0.179949	0.000161
53	Processed_l20160912-001625-V0645_Cen-I.fit	2457643.510822	0.174911	0.000158
54	Processed_l20160912-001656-V0645_Cen-I.fit	2457643.511180	0.181036	0.000160
55	Processed_l20160912-001726-V0645_Cen-I.fit	2457643.511539	0.183116	0.000163
56	Processed_l20160912-001757-V0645_Cen-I.fit	2457643.511886	0.176410	0.000159
57	Processed_l20160912-001828-V0645_Cen-I.fit	2457643.512245	0.178229	0.000159
58	Processed_l20160912-001859-V0645_Cen-I.fit	2457643.512604	0.178661	0.000160
59	Processed_l20160912-001929-V0645_Cen-I.fit	2457643.512951	0.181119	0.000162
60	Processed_l20160912-002000-V0645_Cen-I.fit	2457643.513310	0.178522	0.000160
61	Processed_l20160912-002031-V0645_Cen-I.fit	2457643.513669	0.179120	0.000160
62	Processed_l20160912-002102-V0645_Cen-I.fit	2457643.514027	0.178776	0.000160
63	Processed_l20160912-002133-V0645_Cen-I.fit	2457643.514386	0.176492	0.000158
64	Processed_l20160912-002204-V0645_Cen-I.fit	2457643.514745	0.177752	0.000160
65	Processed_l20160912-002234-V0645_Cen-I.fit	2457643.515092	0.182118	0.000159
66	Processed_l20160912-002305-V0645_Cen-I.fit	2457643.515451	0.178902	0.000159
67	Processed_l20160912-002335-V0645_Cen-I.fit	2457643.515810	0.183003	0.000161
68	Processed_l20160912-002406-V0645_Cen-I.fit	2457643.516157	0.180712	0.000161
69	Processed_l20160912-002437-V0645_Cen-I.fit	2457643.516516	0.181548	0.000161
70	Processed_l20160912-002507-V0645_Cen-I.fit	2457643.516863	0.180220	0.000160
71	Processed_l20160912-002538-V0645_Cen-I.fit	2457643.517222	0.176303	0.000159
72	Processed_l20160912-002609-V0645_Cen-I.fit	2457643.517580	0.178363	0.000160
73	Processed_l20160912-002640-V0645_Cen-I.fit	2457643.517939	0.179210	0.000159
74	Processed_l20160912-002711-V0645_Cen-I.fit	2457643.518298	0.180314	0.000157
75	Processed_l20160912-002741-V0645_Cen-I.fit	2457643.518645	0.179053	0.000156
76	Processed_l20160912-002811-V0645_Cen-I.fit	2457643.518992	0.179103	0.000158
77	Processed_l20160912-002842-V0645_Cen-I.fit	2457643.519351	0.176939	0.000156
78	Processed_l20160912-002912-V0645_Cen-I.fit	2457643.519698	0.181048	0.000159
79	Processed_l20160912-002943-V0645_Cen-I.fit	2457643.520057	0.179419	0.000158
80	Processed_l20160912-003013-V0645_Cen-I.fit	2457643.520404	0.180085	0.000158
81	Processed_l20160912-003043-V0645_Cen-I.fit	2457643.520763	0.183706	0.000158
82	Processed_l20160912-003114-V0645_Cen-I.fit	2457643.521110	0.180813	0.000158
83	Processed_l20160912-003144-V0645_Cen-I.fit	2457643.521457	0.179314	0.000155
84	Processed_l20160912-003215-V0645_Cen-I.fit	2457643.521816	0.178076	0.000157
85	Processed_l20160912-003246-V0645_Cen-I.fit	2457643.522175	0.176298	0.000156
86	Processed_l20160912-003316-V0645_Cen-I.fit	2457643.522522	0.179147	0.000158
87	Processed_l20160912-003347-V0645_Cen-I.fit	2457643.522881	0.180905	0.000158
88	Processed_l20160912-003417-V0645_Cen-I.fit	2457643.523228	0.175820	0.000155
89	Processed_l20160912-003448-V0645_Cen-I.fit	2457643.523587	0.181947	0.000158
90	Processed_l20160912-003518-V0645_Cen-I.fit	2457643.523934	0.183635	0.000155
91	Processed_l20160912-003549-V0645_Cen-I.fit	2457643.524293	0.182891	0.000155
92	Processed_l20160912-003619-V0645_Cen-I.fit	2457643.524640	0.184842	0.000158
93	Processed_l20160912-003649-V0645_Cen-I.fit	2457643.524987	0.179835	0.000157
94	Processed_l20160912-003719-V0645_Cen-I.fit	2457643.525334	0.182222	0.000157
95	Processed_l20160912-003750-V0645_Cen-I.fit	2457643.525693	0.182844	0.000157
96	Processed_l20160912-003820-V0645_Cen-I.fit	2457643.526040	0.183574	0.000156
97	Processed_l20160912-003850-V0645_Cen-I.fit	2457643.526388	0.178719	0.000154
98	Processed_l20160912-003920-V0645_Cen-I.fit	2457643.526735	0.183805	0.000154
99	Processed_l20160912-003951-V0645_Cen-I.fit	2457643.527094	0.181498	0.000155
100	Processed_l20160912-004021-V0645_Cen-I.fit	2457643.527441	0.181329	0.000155
101	Processed_l20160912-004052-V0645_Cen-I.fit	2457643.527800	0.180124	0.000156
102	Processed_l20160912-004121-V0645_Cen-I.fit	2457643.528135	0.182249	0.000158
103	Processed_l20160912-004152-V0645_Cen-I.fit	2457643.528494	0.182048	0.000157
104	Processed_l20160912-004223-V0645_Cen-I.fit	2457643.528853	0.183841	0.000158
105	Processed_l20160912-004254-V0645_Cen-I.fit	2457643.529212	0.182792	0.000159
106	Processed_l20160912-004324-V0645_Cen-I.fit	2457643.529559	0.181469	0.000157
107	Processed_l20160912-004355-V0645_Cen-I.fit	2457643.529917	0.182337	0.000159
108	Processed_l20160912-004425-V0645_Cen-I.fit	2457643.530265	0.183570	0.000158
109	Processed_l20160912-004455-V0645_Cen-I.fit	2457643.530612	0.183131	0.000157
110	Processed_l20160912-004525-V0645_Cen-I.fit	2457643.530971	0.181973	0.000157
111	Processed_l20160912-004556-V0645_Cen-I.fit	2457643.531318	0.182186	0.000157
112	Processed_l20160912-004627-V0645_Cen-I.fit	2457643.531677	0.184351	0.000159
113	Processed_l20160912-004657-V0645_Cen-I.fit	2457643.532024	0.180993	0.000156
114	Processed_l20160912-004728-V0645_Cen-I.fit	2457643.532383	0.179799	0.000156
115	Processed_l20160912-004759-V0645_Cen-I.fit	2457643.532741	0.178615	0.000157
116	Processed_l20160912-004829-V0645_Cen-I.fit	2457643.533089	0.181104	0.000157
117	Processed_l20160912-004859-V0645_Cen-I.fit	2457643.533436	0.183156	0.000159
118	Processed_l20160912-004929-V0645_Cen-I.fit	2457643.533783	0.181377	0.000156
119	Processed_l20160912-004959-V0645_Cen-I.fit	2457643.534130	0.180916	0.000155
120	Processed_l20160912-005029-V0645_Cen-I.fit	2457643.534477	0.181672	0.000155
121	Processed_l20160912-005100-V0645_Cen-I.fit	2457643.534836	0.182491	0.000153
122	Processed_l20160912-005130-V0645_Cen-I.fit	2457643.535183	0.183102	0.000155
123	Processed_l20160912-005201-V0645_Cen-I.fit	2457643.535542	0.183141	0.000157
124	Processed_l20160912-005231-V0645_Cen-I.fit	2457643.535889	0.181683	0.000156
125	Processed_l20160912-005302-V0645_Cen-I.fit	2457643.536248	0.185965	0.000159
126	Processed_l20160912-005332-V0645_Cen-I.fit	2457643.536595	0.181297	0.000155
127	Processed_l20160912-005403-V0645_Cen-I.fit	2457643.536954	0.181836	0.000153
128	Processed_l20160912-005433-V0645_Cen-I.fit	2457643.537301	0.183609	0.000154
129	Processed_l20160912-005503-V0645_Cen-I.fit	2457643.537648	0.182612	0.000151
130	Processed_l20160912-005533-V0645_Cen-I.fit	2457643.537996	0.178792	0.000151
131	Processed_l20160912-005602-V0645_Cen-I.fit	2457643.538331	0.183924	0.000153
132	Processed_l20160912-005633-V0645_Cen-I.fit	2457643.538690	0.181213	0.000151
133	Processed_l20160912-005703-V0645_Cen-I.fit	2457643.539037	0.180178	0.000150
134	Processed_l20160912-005734-V0645_Cen-I.fit	2457643.539396	0.181779	0.000151
135	Processed_l20160912-005804-V0645_Cen-I.fit	2457643.539743	0.182120	0.000150
136	Processed_l20160912-005835-V0645_Cen-I.fit	2457643.540102	0.180842	0.000151
137	Processed_l20160912-005905-V0645_Cen-I.fit	2457643.540449	0.181293	0.000151
138	Processed_l20160912-005935-V0645_Cen-I.fit	2457643.540796	0.181259	0.000152
139	Processed_l20160912-010005-V0645_Cen-I.fit	2457643.541144	0.182322	0.000153
140	Processed_l20160912-010035-V0645_Cen-I.fit	2457643.541491	0.181631	0.000150
141	Processed_l20160912-010106-V0645_Cen-I.fit	2457643.541850	0.182234	0.000150
142	Processed_l20160912-010136-V0645_Cen-I.fit	2457643.542197	0.181532	0.000151
143	Processed_l20160912-010206-V0645_Cen-I.fit	2457643.542556	0.182628	0.000151
144	Processed_l20160912-010237-V0645_Cen-I.fit	2457643.542903	0.183352	0.000153
145	Processed_l20160912-010307-V0645_Cen-I.fit	2457643.543262	0.183165	0.000152
146	Processed_l20160912-010337-V0645_Cen-I.fit	2457643.543597	0.181378	0.000153
147	Processed_l20160912-010407-V0645_Cen-I.fit	2457643.543956	0.182326	0.000153
148	Processed_l20160912-010438-V0645_Cen-I.fit	2457643.544303	0.182252	0.000154
149	Processed_l20160912-010508-V0645_Cen-I.fit	2457643.544650	0.182976	0.000155
150	Processed_l20160912-010539-V0645_Cen-I.fit	2457643.545009	0.179694	0.000153
151	Processed_l20160912-010614-V0645_Cen-I.fit	2457643.545414	0.184605	0.000156
152	Processed_l20160912-010643-V0645_Cen-I.fit	2457643.545750	0.181023	0.000155
153	Processed_l20160912-010714-V0645_Cen-I.fit	2457643.546109	0.179401	0.000152
154	Processed_l20160912-010744-V0645_Cen-I.fit	2457643.546456	0.184051	0.000154
155	Processed_l20160912-010814-V0645_Cen-I.fit	2457643.546803	0.180798	0.000157
156	Processed_l20160912-010845-V0645_Cen-I.fit	2457643.547162	0.180554	0.000155
157	Processed_l20160912-010914-V0645_Cen-I.fit	2457643.547509	0.183203	0.000156
158	Processed_l20160912-010945-V0645_Cen-I.fit	2457643.547856	0.179694	0.000154
159	Processed_l20160912-011015-V0645_Cen-I.fit	2457643.548203	0.181054	0.000155
160	Processed_l20160912-011046-V0645_Cen-I.fit	2457643.548562	0.178510	0.000153
161	Processed_l20160912-011116-V0645_Cen-I.fit	2457643.548909	0.182867	0.000156
162	Processed_l20160912-011147-V0645_Cen-I.fit	2457643.549268	0.182242	0.000155
163	Processed_l20160912-011217-V0645_Cen-I.fit	2457643.549615	0.181007	0.000155
164	Processed_l20160912-011247-V0645_Cen-I.fit	2457643.549974	0.181934	0.000156
165	Processed_l20160912-011318-V0645_Cen-I.fit	2457643.550321	0.184197	0.000157
166	Processed_l20160912-011348-V0645_Cen-I.fit	2457643.550668	0.182074	0.000156
167	Processed_l20160912-011419-V0645_Cen-I.fit	2457643.551027	0.178131	0.000154
168	Processed_l20160912-011449-V0645_Cen-I.fit	2457643.551374	0.179747	0.000156
169	Processed_l20160912-011520-V0645_Cen-I.fit	2457643.551733	0.181012	0.000156
170	Processed_l20160912-011550-V0645_Cen-I.fit	2457643.552080	0.178275	0.000154
171	Processed_l20160912-011621-V0645_Cen-I.fit	2457643.552439	0.184407	0.000157
172	Processed_l20160912-011651-V0645_Cen-I.fit	2457643.552786	0.182488	0.000155
173	Processed_l20160912-011721-V0645_Cen-I.fit	2457643.553145	0.181030	0.000155
174	Processed_l20160912-011752-V0645_Cen-I.fit	2457643.553492	0.184271	0.000158
175	Processed_l20160912-011823-V0645_Cen-I.fit	2457643.553851	0.180555	0.000154
176	Processed_l20160912-011853-V0645_Cen-I.fit	2457643.554198	0.179802	0.000152
177	Processed_l20160912-011923-V0645_Cen-I.fit	2457643.554545	0.180638	0.000154
178	Processed_l20160912-011954-V0645_Cen-I.fit	2457643.554904	0.181618	0.000152
179	Processed_l20160912-012025-V0645_Cen-I.fit	2457643.555263	0.183679	0.000153
180	Processed_l20160912-012055-V0645_Cen-I.fit	2457643.555610	0.182696	0.000154
181	Processed_l20160912-012125-V0645_Cen-I.fit	2457643.555957	0.182245	0.000156
182	Processed_l20160912-012156-V0645_Cen-I.fit	2457643.556316	0.184073	0.000158
183	Processed_l20160912-012226-V0645_Cen-I.fit	2457643.556663	0.179734	0.000155
184	Processed_l20160912-012257-V0645_Cen-I.fit	2457643.557022	0.181245	0.000154
185	Processed_l20160912-012327-V0645_Cen-I.fit	2457643.557369	0.183602	0.000156
186	Processed_l20160912-012358-V0645_Cen-I.fit	2457643.557728	0.183033	0.000155
187	Processed_l20160912-012428-V0645_Cen-I.fit	2457643.558075	0.180631	0.000155
188	Processed_l20160912-012458-V0645_Cen-I.fit	2457643.558423	0.179380	0.000156
189	Processed_l20160912-012528-V0645_Cen-I.fit	2457643.558770	0.180811	0.000159
190	Processed_l20160912-012559-V0645_Cen-I.fit	2457643.559129	0.178656	0.000155
191	Processed_l20160912-012630-V0645_Cen-I.fit	2457643.559487	0.180753	0.000156
192	Processed_l20160912-012700-V0645_Cen-I.fit	2457643.559835	0.180618	0.000152
193	Processed_l20160912-012731-V0645_Cen-I.fit	2457643.560193	0.180395	0.000153
194	Processed_l20160912-012801-V0645_Cen-I.fit	2457643.560552	0.184192	0.000156
195	Processed_l20160912-012832-V0645_Cen-I.fit	2457643.560899	0.181790	0.000153
196	Processed_l20160912-012903-V0645_Cen-I.fit	2457643.561258	0.180075	0.000151
197	Processed_l20160912-012933-V0645_Cen-I.fit	2457643.561605	0.182766	0.000154
198	Processed_l20160912-013004-V0645_Cen-I.fit	2457643.561964	0.181347	0.000153
199	Processed_l20160912-013033-V0645_Cen-I.fit	2457643.562300	0.182339	0.000154
200	Processed_l20160912-013104-V0645_Cen-I.fit	2457643.562658	0.181978	0.000155
201	Processed_l20160912-013134-V0645_Cen-I.fit	2457643.563006	0.186501	0.000158
202	Processed_l20160912-013204-V0645_Cen-I.fit	2457643.563353	0.183727	0.000155
203	Processed_l20160912-013234-V0645_Cen-I.fit	2457643.563700	0.184229	0.000158
204	Processed_l20160912-013305-V0645_Cen-I.fit	2457643.564059	0.183625	0.000157
205	Processed_l20160912-013336-V0645_Cen-I.fit	2457643.564418	0.183662	0.000157
206	Processed_l20160912-013406-V0645_Cen-I.fit	2457643.564765	0.184203	0.000158
207	Processed_l20160912-013436-V0645_Cen-I.fit	2457643.565112	0.178522	0.000157
208	Processed_l20160912-013506-V0645_Cen-I.fit	2457643.565459	0.181068	0.000158
209	Processed_l20160912-013537-V0645_Cen-I.fit	2457643.565818	0.180620	0.000156
210	Processed_l20160912-013607-V0645_Cen-I.fit	2457643.566165	0.182955	0.000159
211	Processed_l20160912-013637-V0645_Cen-I.fit	2457643.566512	0.179624	0.000157
212	Processed_l20160912-013707-V0645_Cen-I.fit	2457643.566860	0.185807	0.000159
213	Processed_l20160912-013738-V0645_Cen-I.fit	2457643.567218	0.182500	0.000158
214	Processed_l20160912-013807-V0645_Cen-I.fit	2457643.567565	0.182170	0.000155
215	Processed_l20160912-013838-V0645_Cen-I.fit	2457643.567913	0.182555	0.000153
216	Processed_l20160912-013909-V0645_Cen-I.fit	2457643.568271	0.183124	0.000159
217	Processed_l20160912-013939-V0645_Cen-I.fit	2457643.568619	0.185050	0.000157
218	Processed_l20160912-014010-V0645_Cen-I.fit	2457643.568977	0.183868	0.000155
219	Processed_l20160912-014040-V0645_Cen-I.fit	2457643.569325	0.184994	0.000157
220	Processed_l20160912-014110-V0645_Cen-I.fit	2457643.569672	0.181790	0.000154
221	Processed_l20160912-014140-V0645_Cen-I.fit	2457643.570019	0.182967	0.000153
222	Processed_l20160912-014210-V0645_Cen-I.fit	2457643.570366	0.182484	0.000155
223	Processed_l20160912-014241-V0645_Cen-I.fit	2457643.570725	0.181471	0.000156
224	Processed_l20160912-014311-V0645_Cen-I.fit	2457643.571072	0.183101	0.000155
225	Processed_l20160912-014341-V0645_Cen-I.fit	2457643.571419	0.182255	0.000153
226	Processed_l20160912-014412-V0645_Cen-I.fit	2457643.571778	0.184338	0.000156
227	Processed_l20160912-014442-V0645_Cen-I.fit	2457643.572125	0.180973	0.000155
228	Processed_l20160912-014513-V0645_Cen-I.fit	2457643.572484	0.184977	0.000156
229	Processed_l20160912-014543-V0645_Cen-I.fit	2457643.572831	0.182221	0.000154
230	Processed_l20160912-014614-V0645_Cen-I.fit	2457643.573190	0.188068	0.000158
231	Processed_l20160912-014644-V0645_Cen-I.fit	2457643.573537	0.181305	0.000154
232	Processed_l20160912-014714-V0645_Cen-I.fit	2457643.573885	0.182107	0.000155
233	Processed_l20160912-014745-V0645_Cen-I.fit	2457643.574243	0.181941	0.000155
234	Processed_l20160912-014815-V0645_Cen-I.fit	2457643.574590	0.184771	0.000157
235	Processed_l20160912-014846-V0645_Cen-I.fit	2457643.574949	0.179965	0.000155
236	Processed_l20160912-014917-V0645_Cen-I.fit	2457643.575308	0.184024	0.000156
237	Processed_l20160912-014946-V0645_Cen-I.fit	2457643.575655	0.184620	0.000156
238	Processed_l20160912-015017-V0645_Cen-I.fit	2457643.576002	0.183531	0.000157
239	Processed_l20160912-015048-V0645_Cen-I.fit	2457643.576361	0.184555	0.000159
240	Processed_l20160912-015118-V0645_Cen-I.fit	2457643.576708	0.184175	0.000159
241	Processed_l20160912-015148-V0645_Cen-I.fit	2457643.577056	0.183509	0.000156
242	Processed_l20160912-015218-V0645_Cen-I.fit	2457643.577403	0.182217	0.000152
243	Processed_l20160912-015249-V0645_Cen-I.fit	2457643.577762	0.182846	0.000154
244	Processed_l20160912-015319-V0645_Cen-I.fit	2457643.578109	0.181847	0.000154
245	Processed_l20160912-015348-V0645_Cen-I.fit	2457643.578456	0.183692	0.000155
246	Processed_l20160912-015419-V0645_Cen-I.fit	2457643.578803	0.182872	0.000156
247	Processed_l20160912-015449-V0645_Cen-I.fit	2457643.579150	0.186343	0.000157
248	Processed_l20160912-015520-V0645_Cen-I.fit	2457643.579509	0.181193	0.000156
249	Processed_l20160912-015550-V0645_Cen-I.fit	2457643.579856	0.183026	0.000156
250	Processed_l20160912-015621-V0645_Cen-I.fit	2457643.580215	0.181013	0.000154
251	Processed_l20160912-015652-V0645_Cen-I.fit	2457643.580574	0.180909	0.000155
252	Processed_l20160912-015722-V0645_Cen-I.fit	2457643.580921	0.181637	0.000154
253	Processed_l20160912-015753-V0645_Cen-I.fit	2457643.581280	0.187038	0.000160
254	Processed_l20160912-015823-V0645_Cen-I.fit	2457643.581627	0.182953	0.000157
255	Processed_l20160912-015854-V0645_Cen-I.fit	2457643.581986	0.186338	0.000159
256	Processed_l20160912-015924-V0645_Cen-I.fit	2457643.582333	0.182479	0.000158
257	Processed_l20160912-015954-V0645_Cen-I.fit	2457643.582692	0.180890	0.000156
258	Processed_l20160912-020025-V0645_Cen-I.fit	2457643.583039	0.181340	0.000155
259	Processed_l20160912-020056-V0645_Cen-I.fit	2457643.583398	0.184834	0.000158
260	Processed_l20160912-020126-V0645_Cen-I.fit	2457643.583745	0.187258	0.000158
261	Processed_l20160912-020157-V0645_Cen-I.fit	2457643.584104	0.181407	0.000156
262	Processed_l20160912-020227-V0645_Cen-I.fit	2457643.584451	0.185139	0.000158
263	Processed_l20160912-020257-V0645_Cen-I.fit	2457643.584798	0.181268	0.000154
264	Processed_l20160912-020327-V0645_Cen-I.fit	2457643.585145	0.182247	0.000154
265	Processed_l20160912-020357-V0645_Cen-I.fit	2457643.585493	0.185638	0.000155
266	Processed_l20160912-020427-V0645_Cen-I.fit	2457643.585840	0.179977	0.000152
267	Processed_l20160912-020458-V0645_Cen-I.fit	2457643.586199	0.181195	0.000153
268	Processed_l20160912-020528-V0645_Cen-I.fit	2457643.586546	0.184656	0.000154
269	Processed_l20160912-020558-V0645_Cen-I.fit	2457643.586893	0.182070	0.000152
270	Processed_l20160912-020629-V0645_Cen-I.fit	2457643.587252	0.180331	0.000152
271	Processed_l20160912-020659-V0645_Cen-I.fit	2457643.587599	0.183089	0.000153
272	Processed_l20160912-020729-V0645_Cen-I.fit	2457643.587946	0.180489	0.000152
273	Processed_l20160912-020759-V0645_Cen-I.fit	2457643.588305	0.181645	0.000153
274	Processed_l20160912-020829-V0645_Cen-I.fit	2457643.588640	0.184272	0.000154
275	Processed_l20160912-020900-V0645_Cen-I.fit	2457643.588999	0.184233	0.000155
276	Processed_l20160912-020930-V0645_Cen-I.fit	2457643.589346	0.181988	0.000153
277	Processed_l20160912-021001-V0645_Cen-I.fit	2457643.589705	0.182914	0.000155
278	Processed_l20160912-021030-V0645_Cen-I.fit	2457643.590041	0.181232	0.000153
279	Processed_l20160912-021101-V0645_Cen-I.fit	2457643.590400	0.181298	0.000153
280	Processed_l20160912-021131-V0645_Cen-I.fit	2457643.590747	0.181434	0.000154
281	Processed_l20160912-021201-V0645_Cen-I.fit	2457643.591106	0.182357	0.000154
282	Processed_l20160912-021231-V0645_Cen-I.fit	2457643.591441	0.181363	0.000153
283	Processed_l20160912-021302-V0645_Cen-I.fit	2457643.591800	0.184254	0.000156
284	Processed_l20160912-021332-V0645_Cen-I.fit	2457643.592147	0.182687	0.000155
285	Processed_l20160912-021403-V0645_Cen-I.fit	2457643.592506	0.182856	0.000154
286	Processed_l20160912-021432-V0645_Cen-I.fit	2457643.592842	0.184872	0.000156
287	Processed_l20160912-021503-V0645_Cen-I.fit	2457643.593200	0.181108	0.000155
288	Processed_l20160912-021532-V0645_Cen-I.fit	2457643.593548	0.182271	0.000155
289	Processed_l20160912-021603-V0645_Cen-I.fit	2457643.593895	0.186065	0.000156
290	Processed_l20160912-021633-V0645_Cen-I.fit	2457643.594242	0.182780	0.000155
291	Processed_l20160912-021704-V0645_Cen-I.fit	2457643.594601	0.180025	0.000153
292	Processed_l20160912-021734-V0645_Cen-I.fit	2457643.594960	0.183289	0.000155
293	Processed_l20160912-021805-V0645_Cen-I.fit	2457643.595307	0.181281	0.000153
294	Processed_l20160912-021836-V0645_Cen-I.fit	2457643.595665	0.185650	0.000157
295	Processed_l20160912-021907-V0645_Cen-I.fit	2457643.596024	0.181830	0.000156
296	Processed_l20160912-021937-V0645_Cen-I.fit	2457643.596371	0.182855	0.000157
297	Processed_l20160912-022008-V0645_Cen-I.fit	2457643.596730	0.184063	0.000156
298	Processed_l20160912-022038-V0645_Cen-I.fit	2457643.597077	0.185208	0.000158
299	Processed_l20160912-022108-V0645_Cen-I.fit	2457643.597436	0.182935	0.000157
300	Processed_l20160912-022139-V0645_Cen-I.fit	2457643.597783	0.182810	0.000158
301	Processed_l20160912-022215-V0645_Cen-I.fit	2457643.598200	0.180224	0.000156
302	Processed_l20160912-022246-V0645_Cen-I.fit	2457643.598559	0.181317	0.000157
303	Processed_l20160912-022317-V0645_Cen-I.fit	2457643.598918	0.183879	0.000158
304	Processed_l20160912-022347-V0645_Cen-I.fit	2457643.599265	0.181951	0.000157
305	Processed_l20160912-022418-V0645_Cen-I.fit	2457643.599624	0.182817	0.000158
306	Processed_l20160912-022448-V0645_Cen-I.fit	2457643.599971	0.184103	0.000158
307	Processed_l20160912-022519-V0645_Cen-I.fit	2457643.600330	0.182285	0.000157
308	Processed_l20160912-022549-V0645_Cen-I.fit	2457643.600677	0.183820	0.000158
309	Processed_l20160912-022619-V0645_Cen-I.fit	2457643.601024	0.181873	0.000156
310	Processed_l20160912-022650-V0645_Cen-I.fit	2457643.601383	0.183244	0.000157
311	Processed_l20160912-022719-V0645_Cen-I.fit	2457643.601730	0.183386	0.000158
312	Processed_l20160912-022749-V0645_Cen-I.fit	2457643.602066	0.182332	0.000158
313	Processed_l20160912-022820-V0645_Cen-I.fit	2457643.602424	0.181281	0.000157
314	Processed_l20160912-022850-V0645_Cen-I.fit	2457643.602772	0.180994	0.000157
315	Processed_l20160912-022921-V0645_Cen-I.fit	2457643.603130	0.178827	0.000156
316	Processed_l20160912-022951-V0645_Cen-I.fit	2457643.603477	0.182428	0.000158
317	Processed_l20160912-023021-V0645_Cen-I.fit	2457643.603825	0.181402	0.000157
318	Processed_l20160912-023052-V0645_Cen-I.fit	2457643.604183	0.181999	0.000157
319	Processed_l20160912-023122-V0645_Cen-I.fit	2457643.604531	0.179977	0.000155
320	Processed_l20160912-023152-V0645_Cen-I.fit	2457643.604878	0.183129	0.000159
321	Processed_l20160912-023222-V0645_Cen-I.fit	2457643.605225	0.180957	0.000156
322	Processed_l20160912-023252-V0645_Cen-I.fit	2457643.605572	0.179008	0.000156
