#	Label	BJD_TDB	rel_flux_T1	rel_flux_err_T1
1	Processed_l20160817-232406-V0645_Cen-I.fit	2457618.476287	0.167642	0.000432
2	Processed_l20160817-232501-V0645_Cen-I.fit	2457618.476947	0.184475	0.000163
3	Processed_l20160817-232550-V0645_Cen-I.fit	2457618.477514	0.183793	0.000162
4	Processed_l20160817-232640-V0645_Cen-I.fit	2457618.478092	0.182050	0.000162
5	Processed_l20160817-232729-V0645_Cen-I.fit	2457618.478659	0.186038	0.000163
6	Processed_l20160817-232820-V0645_Cen-I.fit	2457618.479250	0.184642	0.000161
7	Processed_l20160817-232909-V0645_Cen-I.fit	2457618.479817	0.185424	0.000160
8	Processed_l20160817-233004-V0645_Cen-I.fit	2457618.480442	0.184121	0.000159
9	Processed_l20160817-233055-V0645_Cen-I.fit	2457618.481044	0.185770	0.000161
10	Processed_l20160817-233147-V0645_Cen-I.fit	2457618.481645	0.184206	0.000160
11	Processed_l20160817-233238-V0645_Cen-I.fit	2457618.482224	0.185244	0.000161
12	Processed_l20160817-233329-V0645_Cen-I.fit	2457618.482814	0.182349	0.000160
13	Processed_l20160817-234420-V0645_Cen-I.fit	2457618.490395	0.205872	0.000192
14	Processed_l20160817-235719-V0645_Cen-I.fit	2457618.499491	0.184517	0.000155
15	Processed_l20160817-235810-V0645_Cen-I.fit	2457618.499862	0.185939	0.000155
16	Processed_l20160817-235841-V0645_Cen-I.fit	2457618.500220	0.181169	0.000160
17	Processed_l20160817-235913-V0645_Cen-I.fit	2457618.500591	0.180135	0.000159
18	Processed_l20160817-235946-V0645_Cen-I.fit	2457618.500973	0.185060	0.000163
19	Processed_l20160818-000018-V0645_Cen-I.fit	2457618.501343	0.179397	0.000159
20	Processed_l20160818-000051-V0645_Cen-I.fit	2457618.501725	0.188840	0.000164
21	Processed_l20160818-000123-V0645_Cen-I.fit	2457618.502095	0.187536	0.000164
22	Processed_l20160818-000156-V0645_Cen-I.fit	2457618.502477	0.184660	0.000162
23	Processed_l20160818-000228-V0645_Cen-I.fit	2457618.502848	0.184145	0.000162
24	Processed_l20160818-000310-V0645_Cen-I.fit	2457618.503392	0.190208	0.000166
25	Processed_l20160818-000347-V0645_Cen-I.fit	2457618.503773	0.183077	0.000162
26	Processed_l20160818-000420-V0645_Cen-I.fit	2457618.504144	0.180277	0.000159
27	Processed_l20160818-000454-V0645_Cen-I.fit	2457618.504595	0.185534	0.000161
28	Processed_l20160818-000531-V0645_Cen-I.fit	2457618.505023	0.185415	0.000162
29	Processed_l20160818-000610-V0645_Cen-I.fit	2457618.505475	0.186417	0.000161
30	Processed_l20160818-000647-V0645_Cen-I.fit	2457618.505903	0.184819	0.000163
31	Processed_l20160818-000725-V0645_Cen-I.fit	2457618.506343	0.184217	0.000160
32	Processed_l20160818-000802-V0645_Cen-I.fit	2457618.506771	0.182152	0.000159
33	Processed_l20160818-000840-V0645_Cen-I.fit	2457618.507211	0.184459	0.000162
34	Processed_l20160818-000917-V0645_Cen-I.fit	2457618.507639	0.182635	0.000160
35	Processed_l20160818-000955-V0645_Cen-I.fit	2457618.508090	0.185954	0.000160
36	Processed_l20160818-001033-V0645_Cen-I.fit	2457618.508518	0.185574	0.000156
37	Processed_l20160818-001110-V0645_Cen-I.fit	2457618.508947	0.186305	0.000161
38	Processed_l20160818-001147-V0645_Cen-I.fit	2457618.509317	0.182814	0.000160
39	Processed_l20160818-001219-V0645_Cen-I.fit	2457618.509687	0.183940	0.000158
40	Processed_l20160818-001251-V0645_Cen-I.fit	2457618.510058	0.185301	0.000160
41	Processed_l20160818-001332-V0645_Cen-I.fit	2457618.510544	0.184077	0.000162
42	Processed_l20160818-001408-V0645_Cen-I.fit	2457618.510949	0.183396	0.000161
43	Processed_l20160818-001449-V0645_Cen-I.fit	2457618.511423	0.186304	0.000160
44	Processed_l20160818-001522-V0645_Cen-I.fit	2457618.511805	0.185123	0.000161
45	Processed_l20160818-001554-V0645_Cen-I.fit	2457618.512176	0.185642	0.000162
46	Processed_l20160818-001627-V0645_Cen-I.fit	2457618.512558	0.182355	0.000159
47	Processed_l20160818-001659-V0645_Cen-I.fit	2457618.512928	0.182956	0.000159
48	Processed_l20160818-001731-V0645_Cen-I.fit	2457618.513298	0.184080	0.000157
49	Processed_l20160818-001803-V0645_Cen-I.fit	2457618.513669	0.186033	0.000161
50	Processed_l20160818-001836-V0645_Cen-I.fit	2457618.514050	0.183324	0.000159
51	Processed_l20160818-001908-V0645_Cen-I.fit	2457618.514421	0.181367	0.000158
52	Processed_l20160818-001940-V0645_Cen-I.fit	2457618.514791	0.185609	0.000159
53	Processed_l20160818-002012-V0645_Cen-I.fit	2457618.515162	0.186590	0.000161
54	Processed_l20160818-002044-V0645_Cen-I.fit	2457618.515532	0.185903	0.000160
55	Processed_l20160818-002116-V0645_Cen-I.fit	2457618.515902	0.182297	0.000160
56	Processed_l20160818-002149-V0645_Cen-I.fit	2457618.516284	0.184210	0.000163
57	Processed_l20160818-002220-V0645_Cen-I.fit	2457618.516643	0.186151	0.000160
58	Processed_l20160818-002252-V0645_Cen-I.fit	2457618.517013	0.182757	0.000159
59	Processed_l20160818-002324-V0645_Cen-I.fit	2457618.517384	0.183572	0.000159
60	Processed_l20160818-002356-V0645_Cen-I.fit	2457618.517754	0.185726	0.000161
61	Processed_l20160818-002520-V0645_Cen-I.fit	2457618.518726	0.186190	0.000163
62	Processed_l20160818-002552-V0645_Cen-I.fit	2457618.519096	0.186851	0.000164
63	Processed_l20160818-002722-V0645_Cen-I.fit	2457618.520138	0.184465	0.000163
64	Processed_l20160818-002749-V0645_Cen-I.fit	2457618.520451	0.186566	0.000161
65	Processed_l20160818-002817-V0645_Cen-I.fit	2457618.520775	0.183154	0.000162
66	Processed_l20160818-002845-V0645_Cen-I.fit	2457618.521099	0.185190	0.000162
67	Processed_l20160818-002913-V0645_Cen-I.fit	2457618.521423	0.187187	0.000164
68	Processed_l20160818-002941-V0645_Cen-I.fit	2457618.521747	0.184395	0.000163
69	Processed_l20160818-003008-V0645_Cen-I.fit	2457618.522059	0.184471	0.000163
70	Processed_l20160818-003036-V0645_Cen-I.fit	2457618.522383	0.185483	0.000164
71	Processed_l20160818-003103-V0645_Cen-I.fit	2457618.522707	0.185699	0.000159
72	Processed_l20160818-003131-V0645_Cen-I.fit	2457618.523020	0.183131	0.000159
73	Processed_l20160818-003159-V0645_Cen-I.fit	2457618.523344	0.184827	0.000160
74	Processed_l20160818-003227-V0645_Cen-I.fit	2457618.523668	0.182253	0.000157
75	Processed_l20160818-003254-V0645_Cen-I.fit	2457618.523980	0.183367	0.000158
76	Processed_l20160818-003322-V0645_Cen-I.fit	2457618.524304	0.183777	0.000160
77	Processed_l20160818-003349-V0645_Cen-I.fit	2457618.524617	0.185851	0.000163
78	Processed_l20160818-003417-V0645_Cen-I.fit	2457618.524941	0.184491	0.000159
79	Processed_l20160818-003444-V0645_Cen-I.fit	2457618.525253	0.183618	0.000160
80	Processed_l20160818-003512-V0645_Cen-I.fit	2457618.525577	0.185926	0.000159
81	Processed_l20160818-003539-V0645_Cen-I.fit	2457618.525902	0.184641	0.000162
82	Processed_l20160818-003607-V0645_Cen-I.fit	2457618.526214	0.183846	0.000160
83	Processed_l20160818-003634-V0645_Cen-I.fit	2457618.526538	0.183617	0.000158
84	Processed_l20160818-003702-V0645_Cen-I.fit	2457618.526851	0.183174	0.000161
85	Processed_l20160818-003729-V0645_Cen-I.fit	2457618.527175	0.184292	0.000160
86	Processed_l20160818-003757-V0645_Cen-I.fit	2457618.527487	0.182813	0.000160
87	Processed_l20160818-003825-V0645_Cen-I.fit	2457618.527811	0.184330	0.000159
88	Processed_l20160818-003852-V0645_Cen-I.fit	2457618.528135	0.183746	0.000161
89	Processed_l20160818-003920-V0645_Cen-I.fit	2457618.528448	0.179994	0.000157
90	Processed_l20160818-003948-V0645_Cen-I.fit	2457618.528772	0.182883	0.000160
91	Processed_l20160818-004016-V0645_Cen-I.fit	2457618.529096	0.183902	0.000160
92	Processed_l20160818-004043-V0645_Cen-I.fit	2457618.529408	0.182905	0.000158
93	Processed_l20160818-004111-V0645_Cen-I.fit	2457618.529732	0.185846	0.000160
94	Processed_l20160818-004138-V0645_Cen-I.fit	2457618.530056	0.182083	0.000159
95	Processed_l20160818-004206-V0645_Cen-I.fit	2457618.530369	0.181147	0.000158
96	Processed_l20160818-004233-V0645_Cen-I.fit	2457618.530693	0.181646	0.000157
97	Processed_l20160818-004301-V0645_Cen-I.fit	2457618.531005	0.185140	0.000159
98	Processed_l20160818-004329-V0645_Cen-I.fit	2457618.531329	0.182023	0.000159
99	Processed_l20160818-004356-V0645_Cen-I.fit	2457618.531642	0.185562	0.000160
100	Processed_l20160818-004424-V0645_Cen-I.fit	2457618.531977	0.186572	0.000164
101	Processed_l20160818-004452-V0645_Cen-I.fit	2457618.532290	0.182970	0.000158
102	Processed_l20160818-004520-V0645_Cen-I.fit	2457618.532614	0.183696	0.000158
103	Processed_l20160818-004548-V0645_Cen-I.fit	2457618.532938	0.183771	0.000158
104	Processed_l20160818-004615-V0645_Cen-I.fit	2457618.533251	0.184559	0.000158
105	Processed_l20160818-004643-V0645_Cen-I.fit	2457618.533575	0.186068	0.000160
106	Processed_l20160818-004711-V0645_Cen-I.fit	2457618.533899	0.183883	0.000157
107	Processed_l20160818-004738-V0645_Cen-I.fit	2457618.534211	0.182314	0.000158
108	Processed_l20160818-004806-V0645_Cen-I.fit	2457618.534535	0.186836	0.000160
109	Processed_l20160818-004833-V0645_Cen-I.fit	2457618.534848	0.183482	0.000159
110	Processed_l20160818-004901-V0645_Cen-I.fit	2457618.535172	0.186654	0.000162
111	Processed_l20160818-004929-V0645_Cen-I.fit	2457618.535496	0.181623	0.000158
112	Processed_l20160818-004956-V0645_Cen-I.fit	2457618.535820	0.184740	0.000159
113	Processed_l20160818-005024-V0645_Cen-I.fit	2457618.536132	0.184920	0.000157
114	Processed_l20160818-005051-V0645_Cen-I.fit	2457618.536456	0.184194	0.000159
115	Processed_l20160818-005119-V0645_Cen-I.fit	2457618.536769	0.186492	0.000159
116	Processed_l20160818-005147-V0645_Cen-I.fit	2457618.537093	0.184977	0.000160
117	Processed_l20160818-005214-V0645_Cen-I.fit	2457618.537417	0.183235	0.000159
118	Processed_l20160818-005242-V0645_Cen-I.fit	2457618.537729	0.185647	0.000159
119	Processed_l20160818-005310-V0645_Cen-I.fit	2457618.538053	0.184799	0.000159
120	Processed_l20160818-005337-V0645_Cen-I.fit	2457618.538366	0.184836	0.000161
121	Processed_l20160818-005405-V0645_Cen-I.fit	2457618.538690	0.181234	0.000156
122	Processed_l20160818-005433-V0645_Cen-I.fit	2457618.539014	0.183146	0.000158
123	Processed_l20160818-005501-V0645_Cen-I.fit	2457618.539338	0.184956	0.000158
124	Processed_l20160818-005528-V0645_Cen-I.fit	2457618.539651	0.183748	0.000158
125	Processed_l20160818-005556-V0645_Cen-I.fit	2457618.539975	0.181650	0.000158
126	Processed_l20160818-005624-V0645_Cen-I.fit	2457618.540299	0.186683	0.000159
127	Processed_l20160818-005651-V0645_Cen-I.fit	2457618.540611	0.183088	0.000158
128	Processed_l20160818-005719-V0645_Cen-I.fit	2457618.540935	0.183278	0.000160
129	Processed_l20160818-005746-V0645_Cen-I.fit	2457618.541248	0.184186	0.000157
130	Processed_l20160818-005814-V0645_Cen-I.fit	2457618.541572	0.185203	0.000158
131	Processed_l20160818-005842-V0645_Cen-I.fit	2457618.541896	0.183964	0.000157
132	Processed_l20160818-005910-V0645_Cen-I.fit	2457618.542220	0.184237	0.000160
133	Processed_l20160818-005937-V0645_Cen-I.fit	2457618.542532	0.186844	0.000161
134	Processed_l20160818-010005-V0645_Cen-I.fit	2457618.542856	0.183131	0.000160
135	Processed_l20160818-010033-V0645_Cen-I.fit	2457618.543180	0.183525	0.000158
136	Processed_l20160818-010100-V0645_Cen-I.fit	2457618.543504	0.184654	0.000160
137	Processed_l20160818-010128-V0645_Cen-I.fit	2457618.543817	0.182546	0.000158
138	Processed_l20160818-010156-V0645_Cen-I.fit	2457618.544141	0.182411	0.000158
139	Processed_l20160818-010224-V0645_Cen-I.fit	2457618.544465	0.183734	0.000159
140	Processed_l20160818-010251-V0645_Cen-I.fit	2457618.544778	0.181652	0.000160
141	Processed_l20160818-010320-V0645_Cen-I.fit	2457618.545113	0.179628	0.000157
142	Processed_l20160818-010348-V0645_Cen-I.fit	2457618.545437	0.183718	0.000159
143	Processed_l20160818-010415-V0645_Cen-I.fit	2457618.545750	0.185675	0.000159
144	Processed_l20160818-010443-V0645_Cen-I.fit	2457618.546074	0.181891	0.000157
145	Processed_l20160818-010511-V0645_Cen-I.fit	2457618.546398	0.186530	0.000160
146	Processed_l20160818-010539-V0645_Cen-I.fit	2457618.546722	0.186918	0.000159
147	Processed_l20160818-010606-V0645_Cen-I.fit	2457618.547034	0.185107	0.000157
148	Processed_l20160818-010634-V0645_Cen-I.fit	2457618.547358	0.182715	0.000158
149	Processed_l20160818-010701-V0645_Cen-I.fit	2457618.547682	0.186833	0.000160
150	Processed_l20160818-010729-V0645_Cen-I.fit	2457618.547995	0.183229	0.000157
151	Processed_l20160818-010757-V0645_Cen-I.fit	2457618.548319	0.186475	0.000159
152	Processed_l20160818-010824-V0645_Cen-I.fit	2457618.548631	0.185419	0.000156
153	Processed_l20160818-010852-V0645_Cen-I.fit	2457618.548955	0.185335	0.000160
154	Processed_l20160818-010920-V0645_Cen-I.fit	2457618.549280	0.185886	0.000156
155	Processed_l20160818-010948-V0645_Cen-I.fit	2457618.549604	0.185698	0.000154
156	Processed_l20160818-011015-V0645_Cen-I.fit	2457618.549916	0.184208	0.000155
157	Processed_l20160818-011043-V0645_Cen-I.fit	2457618.550240	0.186120	0.000153
158	Processed_l20160818-011110-V0645_Cen-I.fit	2457618.550564	0.185193	0.000156
159	Processed_l20160818-011138-V0645_Cen-I.fit	2457618.550877	0.185199	0.000158
160	Processed_l20160818-011206-V0645_Cen-I.fit	2457618.551201	0.184378	0.000155
161	Processed_l20160818-011234-V0645_Cen-I.fit	2457618.551525	0.185660	0.000157
162	Processed_l20160818-011301-V0645_Cen-I.fit	2457618.551837	0.185727	0.000159
163	Processed_l20160818-011329-V0645_Cen-I.fit	2457618.552161	0.186110	0.000153
164	Processed_l20160818-011402-V0645_Cen-I.fit	2457618.552543	0.185901	0.000153
165	Processed_l20160818-011429-V0645_Cen-I.fit	2457618.552867	0.188761	0.000158
166	Processed_l20160818-011457-V0645_Cen-I.fit	2457618.553180	0.183442	0.000158
167	Processed_l20160818-011525-V0645_Cen-I.fit	2457618.553504	0.184128	0.000157
168	Processed_l20160818-011553-V0645_Cen-I.fit	2457618.553828	0.184360	0.000159
169	Processed_l20160818-011620-V0645_Cen-I.fit	2457618.554152	0.184367	0.000158
170	Processed_l20160818-011648-V0645_Cen-I.fit	2457618.554464	0.180028	0.000156
171	Processed_l20160818-011716-V0645_Cen-I.fit	2457618.554788	0.188786	0.000163
172	Processed_l20160818-011743-V0645_Cen-I.fit	2457618.555101	0.184127	0.000160
173	Processed_l20160818-011811-V0645_Cen-I.fit	2457618.555425	0.187692	0.000160
174	Processed_l20160818-011839-V0645_Cen-I.fit	2457618.555749	0.186924	0.000160
175	Processed_l20160818-011906-V0645_Cen-I.fit	2457618.556061	0.185553	0.000156
176	Processed_l20160818-011934-V0645_Cen-I.fit	2457618.556386	0.186469	0.000170
177	Processed_l20160818-012002-V0645_Cen-I.fit	2457618.556710	0.183324	0.000157
178	Processed_l20160818-012029-V0645_Cen-I.fit	2457618.557022	0.188781	0.000163
179	Processed_l20160818-012057-V0645_Cen-I.fit	2457618.557346	0.186292	0.000163
180	Processed_l20160818-012125-V0645_Cen-I.fit	2457618.557670	0.185190	0.000161
181	Processed_l20160818-012153-V0645_Cen-I.fit	2457618.557994	0.187529	0.000161
182	Processed_l20160818-012220-V0645_Cen-I.fit	2457618.558307	0.184171	0.000159
183	Processed_l20160818-012248-V0645_Cen-I.fit	2457618.558631	0.183311	0.000159
184	Processed_l20160818-012315-V0645_Cen-I.fit	2457618.558943	0.182546	0.000158
185	Processed_l20160818-012343-V0645_Cen-I.fit	2457618.559267	0.187689	0.000163
186	Processed_l20160818-012411-V0645_Cen-I.fit	2457618.559591	0.186132	0.000159
187	Processed_l20160818-012439-V0645_Cen-I.fit	2457618.559915	0.186993	0.000158
188	Processed_l20160818-012506-V0645_Cen-I.fit	2457618.560228	0.186848	0.000157
189	Processed_l20160818-012534-V0645_Cen-I.fit	2457618.560552	0.187293	0.000154
190	Processed_l20160818-012602-V0645_Cen-I.fit	2457618.560876	0.185370	0.000155
191	Processed_l20160818-012629-V0645_Cen-I.fit	2457618.561188	0.185366	0.000153
192	Processed_l20160818-012657-V0645_Cen-I.fit	2457618.561512	0.184453	0.000154
193	Processed_l20160818-012724-V0645_Cen-I.fit	2457618.561825	0.184818	0.000152
194	Processed_l20160818-012752-V0645_Cen-I.fit	2457618.562149	0.185908	0.000153
195	Processed_l20160818-012820-V0645_Cen-I.fit	2457618.562473	0.186782	0.000153
196	Processed_l20160818-012848-V0645_Cen-I.fit	2457618.562797	0.185543	0.000152
197	Processed_l20160818-012915-V0645_Cen-I.fit	2457618.563121	0.186461	0.000153
198	Processed_l20160818-012943-V0645_Cen-I.fit	2457618.563434	0.184859	0.000153
199	Processed_l20160818-013011-V0645_Cen-I.fit	2457618.563758	0.184866	0.000157
200	Processed_l20160818-013039-V0645_Cen-I.fit	2457618.564082	0.189196	0.000158
201	Processed_l20160818-013106-V0645_Cen-I.fit	2457618.564394	0.187575	0.000161
202	Processed_l20160818-013134-V0645_Cen-I.fit	2457618.564718	0.188034	0.000160
203	Processed_l20160818-013201-V0645_Cen-I.fit	2457618.565042	0.185814	0.000156
204	Processed_l20160818-013229-V0645_Cen-I.fit	2457618.565355	0.187131	0.000156
205	Processed_l20160818-013257-V0645_Cen-I.fit	2457618.565679	0.184246	0.000160
206	Processed_l20160818-013325-V0645_Cen-I.fit	2457618.566003	0.184342	0.000152
207	Processed_l20160818-013352-V0645_Cen-I.fit	2457618.566315	0.186669	0.000154
208	Processed_l20160818-013420-V0645_Cen-I.fit	2457618.566639	0.184699	0.000152
209	Processed_l20160818-013448-V0645_Cen-I.fit	2457618.566963	0.187048	0.000161
210	Processed_l20160818-013516-V0645_Cen-I.fit	2457618.567288	0.182308	0.000158
211	Processed_l20160818-013543-V0645_Cen-I.fit	2457618.567600	0.183490	0.000156
212	Processed_l20160818-013611-V0645_Cen-I.fit	2457618.567924	0.181463	0.000156
213	Processed_l20160818-013638-V0645_Cen-I.fit	2457618.568237	0.183711	0.000155
214	Processed_l20160818-013706-V0645_Cen-I.fit	2457618.568561	0.187140	0.000161
215	Processed_l20160818-013733-V0645_Cen-I.fit	2457618.568873	0.183855	0.000160
216	Processed_l20160818-013801-V0645_Cen-I.fit	2457618.569197	0.187193	0.000164
217	Processed_l20160818-013829-V0645_Cen-I.fit	2457618.569521	0.189256	0.000164
218	Processed_l20160818-013857-V0645_Cen-I.fit	2457618.569845	0.184467	0.000163
219	Processed_l20160818-013924-V0645_Cen-I.fit	2457618.570158	0.183169	0.000162
220	Processed_l20160818-013952-V0645_Cen-I.fit	2457618.570482	0.183121	0.000160
221	Processed_l20160818-014020-V0645_Cen-I.fit	2457618.570806	0.183244	0.000161
222	Processed_l20160818-014048-V0645_Cen-I.fit	2457618.571130	0.187504	0.000163
223	Processed_l20160818-014116-V0645_Cen-I.fit	2457618.571454	0.188638	0.000162
224	Processed_l20160818-014144-V0645_Cen-I.fit	2457618.571778	0.185947	0.000162
225	Processed_l20160818-014211-V0645_Cen-I.fit	2457618.572090	0.189591	0.000163
226	Processed_l20160818-014239-V0645_Cen-I.fit	2457618.572414	0.189517	0.000165
227	Processed_l20160818-014308-V0645_Cen-I.fit	2457618.572750	0.186107	0.000163
228	Processed_l20160818-014336-V0645_Cen-I.fit	2457618.573074	0.181662	0.000159
229	Processed_l20160818-014404-V0645_Cen-I.fit	2457618.573398	0.185191	0.000162
230	Processed_l20160818-014432-V0645_Cen-I.fit	2457618.573722	0.185631	0.000161
231	Processed_l20160818-014459-V0645_Cen-I.fit	2457618.574035	0.185135	0.000163
232	Processed_l20160818-014527-V0645_Cen-I.fit	2457618.574359	0.185008	0.000162
233	Processed_l20160818-014554-V0645_Cen-I.fit	2457618.574671	0.184859	0.000163
234	Processed_l20160818-014622-V0645_Cen-I.fit	2457618.574995	0.185417	0.000164
235	Processed_l20160818-014650-V0645_Cen-I.fit	2457618.575319	0.178919	0.000160
236	Processed_l20160818-014717-V0645_Cen-I.fit	2457618.575632	0.184335	0.000161
237	Processed_l20160818-014745-V0645_Cen-I.fit	2457618.575956	0.186150	0.000164
238	Processed_l20160818-014813-V0645_Cen-I.fit	2457618.576280	0.183573	0.000162
239	Processed_l20160818-014840-V0645_Cen-I.fit	2457618.576592	0.183931	0.000162
240	Processed_l20160818-014908-V0645_Cen-I.fit	2457618.576916	0.178574	0.000158
241	Processed_l20160818-014936-V0645_Cen-I.fit	2457618.577241	0.183408	0.000160
242	Processed_l20160818-015004-V0645_Cen-I.fit	2457618.577565	0.185974	0.000162
243	Processed_l20160818-015032-V0645_Cen-I.fit	2457618.577889	0.184307	0.000161
244	Processed_l20160818-015100-V0645_Cen-I.fit	2457618.578213	0.185796	0.000162
245	Processed_l20160818-015127-V0645_Cen-I.fit	2457618.578525	0.182439	0.000162
246	Processed_l20160818-015155-V0645_Cen-I.fit	2457618.578849	0.186236	0.000163
247	Processed_l20160818-015223-V0645_Cen-I.fit	2457618.579173	0.181650	0.000161
248	Processed_l20160818-015250-V0645_Cen-I.fit	2457618.579486	0.182114	0.000161
249	Processed_l20160818-015318-V0645_Cen-I.fit	2457618.579810	0.185096	0.000163
250	Processed_l20160818-015346-V0645_Cen-I.fit	2457618.580134	0.182884	0.000160
251	Processed_l20160818-015414-V0645_Cen-I.fit	2457618.580458	0.182940	0.000163
252	Processed_l20160818-015442-V0645_Cen-I.fit	2457618.580782	0.189131	0.000164
253	Processed_l20160818-015509-V0645_Cen-I.fit	2457618.581106	0.183133	0.000162
254	Processed_l20160818-015537-V0645_Cen-I.fit	2457618.581418	0.187055	0.000163
255	Processed_l20160818-015605-V0645_Cen-I.fit	2457618.581743	0.183437	0.000162
256	Processed_l20160818-015632-V0645_Cen-I.fit	2457618.582067	0.186180	0.000164
257	Processed_l20160818-015700-V0645_Cen-I.fit	2457618.582379	0.184848	0.000165
258	Processed_l20160818-015728-V0645_Cen-I.fit	2457618.582703	0.184024	0.000163
259	Processed_l20160818-015756-V0645_Cen-I.fit	2457618.583027	0.183323	0.000160
260	Processed_l20160818-015823-V0645_Cen-I.fit	2457618.583340	0.183660	0.000163
261	Processed_l20160818-015851-V0645_Cen-I.fit	2457618.583664	0.180320	0.000162
262	Processed_l20160818-015919-V0645_Cen-I.fit	2457618.583988	0.182363	0.000163
263	Processed_l20160818-015946-V0645_Cen-I.fit	2457618.584300	0.182517	0.000161
264	Processed_l20160818-020014-V0645_Cen-I.fit	2457618.584624	0.184568	0.000159
265	Processed_l20160818-020042-V0645_Cen-I.fit	2457618.584948	0.182711	0.000160
266	Processed_l20160818-020110-V0645_Cen-I.fit	2457618.585272	0.182024	0.000160
267	Processed_l20160818-020137-V0645_Cen-I.fit	2457618.585585	0.182478	0.000162
268	Processed_l20160818-020205-V0645_Cen-I.fit	2457618.585909	0.183009	0.000160
269	Processed_l20160818-020233-V0645_Cen-I.fit	2457618.586233	0.180619	0.000159
270	Processed_l20160818-020301-V0645_Cen-I.fit	2457618.586557	0.185465	0.000161
271	Processed_l20160818-020329-V0645_Cen-I.fit	2457618.586881	0.185740	0.000161
272	Processed_l20160818-020357-V0645_Cen-I.fit	2457618.587205	0.182950	0.000158
273	Processed_l20160818-020424-V0645_Cen-I.fit	2457618.587518	0.184217	0.000160
274	Processed_l20160818-020452-V0645_Cen-I.fit	2457618.587842	0.183790	0.000162
275	Processed_l20160818-020519-V0645_Cen-I.fit	2457618.588166	0.183078	0.000160
276	Processed_l20160818-020547-V0645_Cen-I.fit	2457618.588478	0.185726	0.000162
277	Processed_l20160818-020615-V0645_Cen-I.fit	2457618.588802	0.185866	0.000159
278	Processed_l20160818-020643-V0645_Cen-I.fit	2457618.589126	0.185073	0.000161
279	Processed_l20160818-020710-V0645_Cen-I.fit	2457618.589439	0.186761	0.000162
280	Processed_l20160818-020739-V0645_Cen-I.fit	2457618.589774	0.184693	0.000160
281	Processed_l20160818-020806-V0645_Cen-I.fit	2457618.590087	0.184694	0.000161
282	Processed_l20160818-020834-V0645_Cen-I.fit	2457618.590411	0.185063	0.000161
283	Processed_l20160818-020902-V0645_Cen-I.fit	2457618.590735	0.185558	0.000159
284	Processed_l20160818-020930-V0645_Cen-I.fit	2457618.591059	0.186099	0.000164
285	Processed_l20160818-020957-V0645_Cen-I.fit	2457618.591383	0.183407	0.000162
286	Processed_l20160818-021025-V0645_Cen-I.fit	2457618.591696	0.185933	0.000163
287	Processed_l20160818-021053-V0645_Cen-I.fit	2457618.592020	0.183439	0.000161
288	Processed_l20160818-021120-V0645_Cen-I.fit	2457618.592332	0.186392	0.000163
289	Processed_l20160818-021148-V0645_Cen-I.fit	2457618.592656	0.185970	0.000159
290	Processed_l20160818-021216-V0645_Cen-I.fit	2457618.592980	0.187499	0.000163
291	Processed_l20160818-021243-V0645_Cen-I.fit	2457618.593304	0.182654	0.000161
292	Processed_l20160818-021311-V0645_Cen-I.fit	2457618.593617	0.183535	0.000161
293	Processed_l20160818-021339-V0645_Cen-I.fit	2457618.593941	0.183363	0.000162
294	Processed_l20160818-021407-V0645_Cen-I.fit	2457618.594265	0.182489	0.000163
295	Processed_l20160818-021435-V0645_Cen-I.fit	2457618.594589	0.185360	0.000162
296	Processed_l20160818-021502-V0645_Cen-I.fit	2457618.594901	0.182890	0.000162
297	Processed_l20160818-021530-V0645_Cen-I.fit	2457618.595225	0.184797	0.000162
298	Processed_l20160818-021558-V0645_Cen-I.fit	2457618.595549	0.184599	0.000160
299	Processed_l20160818-021625-V0645_Cen-I.fit	2457618.595862	0.186130	0.000160
300	Processed_l20160818-021653-V0645_Cen-I.fit	2457618.596186	0.185784	0.000160
301	Processed_l20160818-021721-V0645_Cen-I.fit	2457618.596510	0.182979	0.000158
302	Processed_l20160818-021749-V0645_Cen-I.fit	2457618.596834	0.185156	0.000160
303	Processed_l20160818-021817-V0645_Cen-I.fit	2457618.597158	0.185418	0.000160
304	Processed_l20160818-021845-V0645_Cen-I.fit	2457618.597482	0.185063	0.000159
305	Processed_l20160818-021912-V0645_Cen-I.fit	2457618.597795	0.183805	0.000161
306	Processed_l20160818-021940-V0645_Cen-I.fit	2457618.598119	0.183706	0.000159
307	Processed_l20160818-022007-V0645_Cen-I.fit	2457618.598431	0.183496	0.000158
308	Processed_l20160818-022035-V0645_Cen-I.fit	2457618.598755	0.184198	0.000162
309	Processed_l20160818-022103-V0645_Cen-I.fit	2457618.599079	0.183364	0.000159
310	Processed_l20160818-022130-V0645_Cen-I.fit	2457618.599403	0.183907	0.000159
311	Processed_l20160818-022158-V0645_Cen-I.fit	2457618.599716	0.183350	0.000160
312	Processed_l20160818-022226-V0645_Cen-I.fit	2457618.600040	0.184925	0.000160
313	Processed_l20160818-022253-V0645_Cen-I.fit	2457618.600352	0.184243	0.000162
314	Processed_l20160818-022326-V0645_Cen-I.fit	2457618.600746	0.185053	0.000161
315	Processed_l20160818-022354-V0645_Cen-I.fit	2457618.601070	0.185069	0.000162
316	Processed_l20160818-022422-V0645_Cen-I.fit	2457618.601382	0.183353	0.000164
317	Processed_l20160818-022450-V0645_Cen-I.fit	2457618.601706	0.184268	0.000161
318	Processed_l20160818-022518-V0645_Cen-I.fit	2457618.602030	0.181274	0.000158
319	Processed_l20160818-022545-V0645_Cen-I.fit	2457618.602343	0.183237	0.000161
320	Processed_l20160818-022613-V0645_Cen-I.fit	2457618.602667	0.185404	0.000163
321	Processed_l20160818-022641-V0645_Cen-I.fit	2457618.602991	0.184561	0.000161
322	Processed_l20160818-022709-V0645_Cen-I.fit	2457618.603315	0.185508	0.000159
323	Processed_l20160818-022737-V0645_Cen-I.fit	2457618.603639	0.184115	0.000162
324	Processed_l20160818-022805-V0645_Cen-I.fit	2457618.603963	0.185662	0.000162
325	Processed_l20160818-022833-V0645_Cen-I.fit	2457618.604287	0.184649	0.000160
326	Processed_l20160818-022900-V0645_Cen-I.fit	2457618.604600	0.184338	0.000157
327	Processed_l20160818-022927-V0645_Cen-I.fit	2457618.604924	0.183965	0.000159
328	Processed_l20160818-022955-V0645_Cen-I.fit	2457618.605236	0.180104	0.000161
329	Processed_l20160818-023023-V0645_Cen-I.fit	2457618.605560	0.182341	0.000159
330	Processed_l20160818-023051-V0645_Cen-I.fit	2457618.605884	0.184483	0.000160
331	Processed_l20160818-023119-V0645_Cen-I.fit	2457618.606208	0.181648	0.000159
332	Processed_l20160818-023147-V0645_Cen-I.fit	2457618.606532	0.183149	0.000160
333	Processed_l20160818-023214-V0645_Cen-I.fit	2457618.606857	0.183014	0.000159
334	Processed_l20160818-023242-V0645_Cen-I.fit	2457618.607169	0.183191	0.000160
335	Processed_l20160818-023310-V0645_Cen-I.fit	2457618.607493	0.185375	0.000161
336	Processed_l20160818-023338-V0645_Cen-I.fit	2457618.607817	0.181844	0.000159
337	Processed_l20160818-023405-V0645_Cen-I.fit	2457618.608130	0.182295	0.000159
338	Processed_l20160818-023433-V0645_Cen-I.fit	2457618.608454	0.183992	0.000159
339	Processed_l20160818-023500-V0645_Cen-I.fit	2457618.608766	0.181193	0.000158
340	Processed_l20160818-023528-V0645_Cen-I.fit	2457618.609090	0.181525	0.000161
341	Processed_l20160818-023555-V0645_Cen-I.fit	2457618.609414	0.184712	0.000159
342	Processed_l20160818-023623-V0645_Cen-I.fit	2457618.609727	0.182252	0.000161
343	Processed_l20160818-023651-V0645_Cen-I.fit	2457618.610051	0.184008	0.000160
344	Processed_l20160818-023718-V0645_Cen-I.fit	2457618.610363	0.186186	0.000163
345	Processed_l20160818-023746-V0645_Cen-I.fit	2457618.610687	0.183506	0.000159
346	Processed_l20160818-023814-V0645_Cen-I.fit	2457618.611011	0.184496	0.000160
347	Processed_l20160818-023841-V0645_Cen-I.fit	2457618.611335	0.183488	0.000159
348	Processed_l20160818-023909-V0645_Cen-I.fit	2457618.611648	0.184407	0.000160
349	Processed_l20160818-023937-V0645_Cen-I.fit	2457618.611972	0.184015	0.000162
350	Processed_l20160818-024005-V0645_Cen-I.fit	2457618.612296	0.182556	0.000161
351	Processed_l20160818-024032-V0645_Cen-I.fit	2457618.612608	0.186601	0.000162
352	Processed_l20160818-024100-V0645_Cen-I.fit	2457618.612933	0.182457	0.000160
353	Processed_l20160818-024128-V0645_Cen-I.fit	2457618.613257	0.184641	0.000163
354	Processed_l20160818-024156-V0645_Cen-I.fit	2457618.613581	0.186921	0.000162
355	Processed_l20160818-024224-V0645_Cen-I.fit	2457618.613905	0.183447	0.000161
356	Processed_l20160818-024252-V0645_Cen-I.fit	2457618.614229	0.186058	0.000164
357	Processed_l20160818-024319-V0645_Cen-I.fit	2457618.614541	0.182820	0.000162
358	Processed_l20160818-024347-V0645_Cen-I.fit	2457618.614865	0.184954	0.000163
359	Processed_l20160818-024415-V0645_Cen-I.fit	2457618.615189	0.184815	0.000162
360	Processed_l20160818-024442-V0645_Cen-I.fit	2457618.615513	0.187468	0.000163
361	Processed_l20160818-024510-V0645_Cen-I.fit	2457618.615826	0.182706	0.000161
362	Processed_l20160818-024538-V0645_Cen-I.fit	2457618.616150	0.183026	0.000161
363	Processed_l20160818-024606-V0645_Cen-I.fit	2457618.616474	0.181247	0.000162
364	Processed_l20160818-024633-V0645_Cen-I.fit	2457618.616798	0.181880	0.000160
365	Processed_l20160818-024701-V0645_Cen-I.fit	2457618.617110	0.185354	0.000162
366	Processed_l20160818-024729-V0645_Cen-I.fit	2457618.617435	0.181840	0.000160
367	Processed_l20160818-024757-V0645_Cen-I.fit	2457618.617759	0.180808	0.000160
368	Processed_l20160818-024824-V0645_Cen-I.fit	2457618.618071	0.183858	0.000163
369	Processed_l20160818-024852-V0645_Cen-I.fit	2457618.618395	0.183165	0.000163
370	Processed_l20160818-024920-V0645_Cen-I.fit	2457618.618719	0.183094	0.000163
371	Processed_l20160818-024947-V0645_Cen-I.fit	2457618.619043	0.183624	0.000163
372	Processed_l20160818-025015-V0645_Cen-I.fit	2457618.619356	0.186533	0.000162
373	Processed_l20160818-025043-V0645_Cen-I.fit	2457618.619680	0.185372	0.000163
374	Processed_l20160818-025110-V0645_Cen-I.fit	2457618.619992	0.184660	0.000163
375	Processed_l20160818-025139-V0645_Cen-I.fit	2457618.620328	0.189992	0.000165
376	Processed_l20160818-025207-V0645_Cen-I.fit	2457618.620652	0.184440	0.000162
377	Processed_l20160818-025234-V0645_Cen-I.fit	2457618.620964	0.184209	0.000161
378	Processed_l20160818-025302-V0645_Cen-I.fit	2457618.621288	0.185846	0.000163
379	Processed_l20160818-025330-V0645_Cen-I.fit	2457618.621612	0.182967	0.000161
380	Processed_l20160818-025358-V0645_Cen-I.fit	2457618.621937	0.183984	0.000162
381	Processed_l20160818-025425-V0645_Cen-I.fit	2457618.622261	0.186482	0.000162
382	Processed_l20160818-025453-V0645_Cen-I.fit	2457618.622573	0.184116	0.000162
383	Processed_l20160818-025521-V0645_Cen-I.fit	2457618.622897	0.186525	0.000161
384	Processed_l20160818-025549-V0645_Cen-I.fit	2457618.623221	0.185963	0.000163
385	Processed_l20160818-025617-V0645_Cen-I.fit	2457618.623545	0.184741	0.000162
386	Processed_l20160818-025645-V0645_Cen-I.fit	2457618.623869	0.184029	0.000160
387	Processed_l20160818-025712-V0645_Cen-I.fit	2457618.624182	0.184082	0.000161
388	Processed_l20160818-025741-V0645_Cen-I.fit	2457618.624517	0.184292	0.000162
389	Processed_l20160818-025808-V0645_Cen-I.fit	2457618.624830	0.183460	0.000162
390	Processed_l20160818-025836-V0645_Cen-I.fit	2457618.625154	0.185502	0.000162
391	Processed_l20160818-025903-V0645_Cen-I.fit	2457618.625466	0.183781	0.000162
392	Processed_l20160818-025931-V0645_Cen-I.fit	2457618.625790	0.184000	0.000163
393	Processed_l20160818-025959-V0645_Cen-I.fit	2457618.626114	0.182910	0.000163
394	Processed_l20160818-030027-V0645_Cen-I.fit	2457618.626439	0.183424	0.000163
395	Processed_l20160818-030054-V0645_Cen-I.fit	2457618.626751	0.178636	0.000189
396	Processed_l20160818-030122-V0645_Cen-I.fit	2457618.627075	0.184386	0.000165
397	Processed_l20160818-030150-V0645_Cen-I.fit	2457618.627399	0.184707	0.000163
398	Processed_l20160818-030217-V0645_Cen-I.fit	2457618.627712	0.186009	0.000161
399	Processed_l20160818-030245-V0645_Cen-I.fit	2457618.628036	0.183156	0.000162
400	Processed_l20160818-030313-V0645_Cen-I.fit	2457618.628360	0.181496	0.000161
401	Processed_l20160818-030340-V0645_Cen-I.fit	2457618.628672	0.189240	0.000166
402	Processed_l20160818-030408-V0645_Cen-I.fit	2457618.628996	0.181747	0.000160
403	Processed_l20160818-030436-V0645_Cen-I.fit	2457618.629320	0.182809	0.000162
404	Processed_l20160818-030504-V0645_Cen-I.fit	2457618.629644	0.186326	0.000162
405	Processed_l20160818-030531-V0645_Cen-I.fit	2457618.629957	0.186662	0.000162
406	Processed_l20160818-030559-V0645_Cen-I.fit	2457618.630281	0.183883	0.000161
407	Processed_l20160818-030627-V0645_Cen-I.fit	2457618.630605	0.187048	0.000161
408	Processed_l20160818-030654-V0645_Cen-I.fit	2457618.630917	0.186792	0.000164
409	Processed_l20160818-030722-V0645_Cen-I.fit	2457618.631241	0.185193	0.000161
410	Processed_l20160818-030750-V0645_Cen-I.fit	2457618.631565	0.182812	0.000160
411	Processed_l20160818-030817-V0645_Cen-I.fit	2457618.631878	0.182125	0.000159
412	Processed_l20160818-030845-V0645_Cen-I.fit	2457618.632202	0.186121	0.000161
413	Processed_l20160818-030913-V0645_Cen-I.fit	2457618.632526	0.181383	0.000158
414	Processed_l20160818-030940-V0645_Cen-I.fit	2457618.632839	0.184704	0.000161
415	Processed_l20160818-031008-V0645_Cen-I.fit	2457618.633163	0.182238	0.000158
416	Processed_l20160818-031036-V0645_Cen-I.fit	2457618.633487	0.181627	0.000159
417	Processed_l20160818-031103-V0645_Cen-I.fit	2457618.633799	0.184435	0.000161
418	Processed_l20160818-031131-V0645_Cen-I.fit	2457618.634123	0.186774	0.000161
419	Processed_l20160818-031158-V0645_Cen-I.fit	2457618.634436	0.184438	0.000161
420	Processed_l20160818-031226-V0645_Cen-I.fit	2457618.634760	0.186081	0.000160
421	Processed_l20160818-031254-V0645_Cen-I.fit	2457618.635084	0.181430	0.000158
422	Processed_l20160818-031322-V0645_Cen-I.fit	2457618.635408	0.186330	0.000163
423	Processed_l20160818-031350-V0645_Cen-I.fit	2457618.635732	0.185192	0.000163
424	Processed_l20160818-031417-V0645_Cen-I.fit	2457618.636044	0.187385	0.000164
425	Processed_l20160818-031445-V0645_Cen-I.fit	2457618.636368	0.184138	0.000162
426	Processed_l20160818-031513-V0645_Cen-I.fit	2457618.636692	0.183117	0.000160
427	Processed_l20160818-031540-V0645_Cen-I.fit	2457618.637005	0.185847	0.000161
428	Processed_l20160818-031608-V0645_Cen-I.fit	2457618.637329	0.184462	0.000161
429	Processed_l20160818-031635-V0645_Cen-I.fit	2457618.637653	0.184694	0.000161
430	Processed_l20160818-031703-V0645_Cen-I.fit	2457618.637965	0.184334	0.000162
431	Processed_l20160818-031730-V0645_Cen-I.fit	2457618.638278	0.180084	0.000159
432	Processed_l20160818-031758-V0645_Cen-I.fit	2457618.638602	0.184007	0.000161
433	Processed_l20160818-031826-V0645_Cen-I.fit	2457618.638926	0.184887	0.000162
434	Processed_l20160818-031853-V0645_Cen-I.fit	2457618.639239	0.180774	0.000160
435	Processed_l20160818-031921-V0645_Cen-I.fit	2457618.639563	0.186993	0.000164
436	Processed_l20160818-031949-V0645_Cen-I.fit	2457618.639887	0.181954	0.000162
437	Processed_l20160818-032017-V0645_Cen-I.fit	2457618.640211	0.185584	0.000163
438	Processed_l20160818-032044-V0645_Cen-I.fit	2457618.640523	0.183942	0.000162
439	Processed_l20160818-032112-V0645_Cen-I.fit	2457618.640847	0.179727	0.000160
440	Processed_l20160818-032140-V0645_Cen-I.fit	2457618.641171	0.180999	0.000161
441	Processed_l20160818-032208-V0645_Cen-I.fit	2457618.641495	0.185278	0.000163
442	Processed_l20160818-032235-V0645_Cen-I.fit	2457618.641819	0.181746	0.000162
443	Processed_l20160818-032303-V0645_Cen-I.fit	2457618.642132	0.183949	0.000162
444	Processed_l20160818-032331-V0645_Cen-I.fit	2457618.642456	0.185777	0.000166
445	Processed_l20160818-032359-V0645_Cen-I.fit	2457618.642780	0.184580	0.000164
446	Processed_l20160818-032427-V0645_Cen-I.fit	2457618.643104	0.186429	0.000164
447	Processed_l20160818-032455-V0645_Cen-I.fit	2457618.643428	0.184916	0.000164
448	Processed_l20160818-032522-V0645_Cen-I.fit	2457618.643741	0.180013	0.000162
449	Processed_l20160818-032550-V0645_Cen-I.fit	2457618.644065	0.181007	0.000163
450	Processed_l20160818-032618-V0645_Cen-I.fit	2457618.644389	0.182240	0.000163
451	Processed_l20160818-032646-V0645_Cen-I.fit	2457618.644713	0.183010	0.000164
452	Processed_l20160818-032713-V0645_Cen-I.fit	2457618.645025	0.184724	0.000165
453	Processed_l20160818-032741-V0645_Cen-I.fit	2457618.645349	0.182536	0.000163
454	Processed_l20160818-032809-V0645_Cen-I.fit	2457618.645673	0.185834	0.000166
455	Processed_l20160818-032836-V0645_Cen-I.fit	2457618.645997	0.184621	0.000164
456	Processed_l20160818-032904-V0645_Cen-I.fit	2457618.646310	0.183936	0.000163
457	Processed_l20160818-032932-V0645_Cen-I.fit	2457618.646634	0.185219	0.000164
458	Processed_l20160818-032959-V0645_Cen-I.fit	2457618.646958	0.183632	0.000163
459	Processed_l20160818-033027-V0645_Cen-I.fit	2457618.647270	0.183603	0.000164
460	Processed_l20160818-033055-V0645_Cen-I.fit	2457618.647594	0.183389	0.000163
461	Processed_l20160818-033123-V0645_Cen-I.fit	2457618.647918	0.182320	0.000161
462	Processed_l20160818-033150-V0645_Cen-I.fit	2457618.648231	0.184793	0.000164
463	Processed_l20160818-033218-V0645_Cen-I.fit	2457618.648555	0.184862	0.000163
464	Processed_l20160818-033251-V0645_Cen-I.fit	2457618.648937	0.182222	0.000163
465	Processed_l20160818-033319-V0645_Cen-I.fit	2457618.649261	0.186428	0.000164
466	Processed_l20160818-033347-V0645_Cen-I.fit	2457618.649585	0.186215	0.000165
467	Processed_l20160818-033415-V0645_Cen-I.fit	2457618.649909	0.183531	0.000164
468	Processed_l20160818-033442-V0645_Cen-I.fit	2457618.650222	0.184210	0.000164
469	Processed_l20160818-033510-V0645_Cen-I.fit	2457618.650546	0.181954	0.000164
470	Processed_l20160818-033538-V0645_Cen-I.fit	2457618.650870	0.183926	0.000165
471	Processed_l20160818-033606-V0645_Cen-I.fit	2457618.651194	0.186215	0.000165
472	Processed_l20160818-033634-V0645_Cen-I.fit	2457618.651518	0.184397	0.000164
473	Processed_l20160818-033701-V0645_Cen-I.fit	2457618.651830	0.182583	0.000163
474	Processed_l20160818-033729-V0645_Cen-I.fit	2457618.652154	0.182264	0.000161
475	Processed_l20160818-033756-V0645_Cen-I.fit	2457618.652478	0.187561	0.000165
476	Processed_l20160818-033824-V0645_Cen-I.fit	2457618.652791	0.184638	0.000164
477	Processed_l20160818-033852-V0645_Cen-I.fit	2457618.653115	0.182784	0.000164
478	Processed_l20160818-033920-V0645_Cen-I.fit	2457618.653439	0.186258	0.000164
479	Processed_l20160818-033948-V0645_Cen-I.fit	2457618.653763	0.186295	0.000164
480	Processed_l20160818-034015-V0645_Cen-I.fit	2457618.654075	0.184634	0.000163
481	Processed_l20160818-034043-V0645_Cen-I.fit	2457618.654400	0.185430	0.000164
482	Processed_l20160818-034110-V0645_Cen-I.fit	2457618.654724	0.186548	0.000164
483	Processed_l20160818-034138-V0645_Cen-I.fit	2457618.655036	0.182825	0.000161
484	Processed_l20160818-034206-V0645_Cen-I.fit	2457618.655360	0.181480	0.000162
485	Processed_l20160818-034234-V0645_Cen-I.fit	2457618.655684	0.185988	0.000162
486	Processed_l20160818-034301-V0645_Cen-I.fit	2457618.655997	0.188455	0.000163
487	Processed_l20160818-034329-V0645_Cen-I.fit	2457618.656321	0.184959	0.000162
488	Processed_l20160818-034357-V0645_Cen-I.fit	2457618.656645	0.184839	0.000163
489	Processed_l20160818-034424-V0645_Cen-I.fit	2457618.656957	0.182749	0.000161
490	Processed_l20160818-034452-V0645_Cen-I.fit	2457618.657281	0.183594	0.000161
491	Processed_l20160818-034520-V0645_Cen-I.fit	2457618.657605	0.185480	0.000161
492	Processed_l20160818-034547-V0645_Cen-I.fit	2457618.657918	0.185597	0.000163
493	Processed_l20160818-034615-V0645_Cen-I.fit	2457618.658242	0.183935	0.000161
494	Processed_l20160818-034643-V0645_Cen-I.fit	2457618.658566	0.182546	0.000160
495	Processed_l20160818-034711-V0645_Cen-I.fit	2457618.658890	0.187681	0.000164
496	Processed_l20160818-034738-V0645_Cen-I.fit	2457618.659202	0.181330	0.000162
497	Processed_l20160818-034806-V0645_Cen-I.fit	2457618.659526	0.187154	0.000164
498	Processed_l20160818-034834-V0645_Cen-I.fit	2457618.659851	0.181362	0.000161
499	Processed_l20160818-034902-V0645_Cen-I.fit	2457618.660175	0.184390	0.000162
500	Processed_l20160818-034929-V0645_Cen-I.fit	2457618.660499	0.183105	0.000161
501	Processed_l20160818-034957-V0645_Cen-I.fit	2457618.660811	0.181277	0.000161
502	Processed_l20160818-035025-V0645_Cen-I.fit	2457618.661135	0.182571	0.000163
503	Processed_l20160818-035053-V0645_Cen-I.fit	2457618.661459	0.184934	0.000165
504	Processed_l20160818-035121-V0645_Cen-I.fit	2457618.661783	0.183011	0.000164
505	Processed_l20160818-035148-V0645_Cen-I.fit	2457618.662096	0.182803	0.000161
506	Processed_l20160818-035217-V0645_Cen-I.fit	2457618.662431	0.186070	0.000163
507	Processed_l20160818-035245-V0645_Cen-I.fit	2457618.662755	0.185031	0.000162
508	Processed_l20160818-035312-V0645_Cen-I.fit	2457618.663068	0.183383	0.000163
509	Processed_l20160818-035340-V0645_Cen-I.fit	2457618.663392	0.184087	0.000162
510	Processed_l20160818-035408-V0645_Cen-I.fit	2457618.663716	0.184550	0.000163
511	Processed_l20160818-035436-V0645_Cen-I.fit	2457618.664040	0.184180	0.000161
512	Processed_l20160818-035503-V0645_Cen-I.fit	2457618.664353	0.182856	0.000160
513	Processed_l20160818-035531-V0645_Cen-I.fit	2457618.664677	0.182606	0.000160
514	Processed_l20160818-035558-V0645_Cen-I.fit	2457618.665001	0.187673	0.000163
515	Processed_l20160818-035626-V0645_Cen-I.fit	2457618.665313	0.182243	0.000161
516	Processed_l20160818-035654-V0645_Cen-I.fit	2457618.665637	0.181389	0.000161
517	Processed_l20160818-035721-V0645_Cen-I.fit	2457618.665961	0.187670	0.000164
518	Processed_l20160818-035749-V0645_Cen-I.fit	2457618.666274	0.186439	0.000165
519	Processed_l20160818-035817-V0645_Cen-I.fit	2457618.666598	0.185299	0.000161
520	Processed_l20160818-035845-V0645_Cen-I.fit	2457618.666922	0.186782	0.000163
521	Processed_l20160818-035912-V0645_Cen-I.fit	2457618.667234	0.180250	0.000158
522	Processed_l20160818-035940-V0645_Cen-I.fit	2457618.667558	0.181245	0.000160
523	Processed_l20160818-040008-V0645_Cen-I.fit	2457618.667882	0.185162	0.000164
524	Processed_l20160818-040036-V0645_Cen-I.fit	2457618.668206	0.186367	0.000163
525	Processed_l20160818-040104-V0645_Cen-I.fit	2457618.668530	0.182586	0.000160
526	Processed_l20160818-040132-V0645_Cen-I.fit	2457618.668855	0.188256	0.000165
527	Processed_l20160818-040200-V0645_Cen-I.fit	2457618.669179	0.186470	0.000164
528	Processed_l20160818-040228-V0645_Cen-I.fit	2457618.669503	0.183395	0.000163
529	Processed_l20160818-040256-V0645_Cen-I.fit	2457618.669827	0.184768	0.000162
530	Processed_l20160818-040323-V0645_Cen-I.fit	2457618.670139	0.183913	0.000161
531	Processed_l20160818-040351-V0645_Cen-I.fit	2457618.670463	0.179052	0.000161
532	Processed_l20160818-040419-V0645_Cen-I.fit	2457618.670787	0.185664	0.000163
533	Processed_l20160818-040446-V0645_Cen-I.fit	2457618.671111	0.184252	0.000162
534	Processed_l20160818-040514-V0645_Cen-I.fit	2457618.671424	0.183821	0.000162
535	Processed_l20160818-040542-V0645_Cen-I.fit	2457618.671748	0.182318	0.000162
536	Processed_l20160818-040609-V0645_Cen-I.fit	2457618.672060	0.183344	0.000161
537	Processed_l20160818-040637-V0645_Cen-I.fit	2457618.672384	0.184587	0.000162
538	Processed_l20160818-040705-V0645_Cen-I.fit	2457618.672708	0.186892	0.000163
539	Processed_l20160818-040732-V0645_Cen-I.fit	2457618.673021	0.186675	0.000163
540	Processed_l20160818-040800-V0645_Cen-I.fit	2457618.673345	0.180376	0.000160
541	Processed_l20160818-040828-V0645_Cen-I.fit	2457618.673669	0.181122	0.000161
542	Processed_l20160818-040856-V0645_Cen-I.fit	2457618.673993	0.183621	0.000163
543	Processed_l20160818-040924-V0645_Cen-I.fit	2457618.674317	0.190924	0.000165
544	Processed_l20160818-040952-V0645_Cen-I.fit	2457618.674641	0.183175	0.000160
545	Processed_l20160818-041019-V0645_Cen-I.fit	2457618.674954	0.184098	0.000160
546	Processed_l20160818-041047-V0645_Cen-I.fit	2457618.675278	0.184308	0.000162
547	Processed_l20160818-041115-V0645_Cen-I.fit	2457618.675602	0.185915	0.000162
548	Processed_l20160818-041143-V0645_Cen-I.fit	2457618.675926	0.186059	0.000161
549	Processed_l20160818-041211-V0645_Cen-I.fit	2457618.676250	0.182151	0.000160
550	Processed_l20160818-041239-V0645_Cen-I.fit	2457618.676574	0.185117	0.000162
551	Processed_l20160818-041306-V0645_Cen-I.fit	2457618.676886	0.187215	0.000164
552	Processed_l20160818-041334-V0645_Cen-I.fit	2457618.677210	0.186438	0.000163
553	Processed_l20160818-041402-V0645_Cen-I.fit	2457618.677534	0.183982	0.000160
554	Processed_l20160818-041430-V0645_Cen-I.fit	2457618.677859	0.181181	0.000160
555	Processed_l20160818-041458-V0645_Cen-I.fit	2457618.678183	0.186698	0.000162
556	Processed_l20160818-041525-V0645_Cen-I.fit	2457618.678495	0.185528	0.000162
557	Processed_l20160818-041553-V0645_Cen-I.fit	2457618.678819	0.183994	0.000162
558	Processed_l20160818-041620-V0645_Cen-I.fit	2457618.679132	0.187384	0.000165
559	Processed_l20160818-041648-V0645_Cen-I.fit	2457618.679456	0.187379	0.000166
560	Processed_l20160818-041716-V0645_Cen-I.fit	2457618.679780	0.184218	0.000163
561	Processed_l20160818-041744-V0645_Cen-I.fit	2457618.680104	0.180418	0.000162
562	Processed_l20160818-041813-V0645_Cen-I.fit	2457618.680439	0.182984	0.000162
563	Processed_l20160818-041840-V0645_Cen-I.fit	2457618.680752	0.188091	0.000165
564	Processed_l20160818-041908-V0645_Cen-I.fit	2457618.681076	0.186328	0.000163
565	Processed_l20160818-041936-V0645_Cen-I.fit	2457618.681400	0.185567	0.000163
566	Processed_l20160818-042003-V0645_Cen-I.fit	2457618.681724	0.184492	0.000162
567	Processed_l20160818-042031-V0645_Cen-I.fit	2457618.682036	0.181104	0.000162
568	Processed_l20160818-042059-V0645_Cen-I.fit	2457618.682361	0.184275	0.000162
569	Processed_l20160818-042127-V0645_Cen-I.fit	2457618.682685	0.181074	0.000161
570	Processed_l20160818-042154-V0645_Cen-I.fit	2457618.682997	0.185028	0.000163
571	Processed_l20160818-042222-V0645_Cen-I.fit	2457618.683321	0.185530	0.000164
572	Processed_l20160818-042250-V0645_Cen-I.fit	2457618.683645	0.184459	0.000162
573	Processed_l20160818-042318-V0645_Cen-I.fit	2457618.683969	0.185848	0.000163
574	Processed_l20160818-042346-V0645_Cen-I.fit	2457618.684293	0.184555	0.000164
575	Processed_l20160818-042413-V0645_Cen-I.fit	2457618.684606	0.182772	0.000162
576	Processed_l20160818-042441-V0645_Cen-I.fit	2457618.684930	0.184922	0.000163
577	Processed_l20160818-042509-V0645_Cen-I.fit	2457618.685254	0.185369	0.000162
578	Processed_l20160818-042537-V0645_Cen-I.fit	2457618.685578	0.184215	0.000162
579	Processed_l20160818-042604-V0645_Cen-I.fit	2457618.685890	0.185372	0.000161
580	Processed_l20160818-042632-V0645_Cen-I.fit	2457618.686214	0.184898	0.000163
581	Processed_l20160818-042700-V0645_Cen-I.fit	2457618.686538	0.184570	0.000163
582	Processed_l20160818-042728-V0645_Cen-I.fit	2457618.686863	0.184871	0.000163
583	Processed_l20160818-042755-V0645_Cen-I.fit	2457618.687175	0.184801	0.000161
584	Processed_l20160818-042823-V0645_Cen-I.fit	2457618.687499	0.187143	0.000163
585	Processed_l20160818-042851-V0645_Cen-I.fit	2457618.687823	0.183411	0.000161
586	Processed_l20160818-042918-V0645_Cen-I.fit	2457618.688136	0.183825	0.000161
587	Processed_l20160818-042946-V0645_Cen-I.fit	2457618.688460	0.186484	0.000163
588	Processed_l20160818-043014-V0645_Cen-I.fit	2457618.688784	0.185785	0.000163
589	Processed_l20160818-043042-V0645_Cen-I.fit	2457618.689108	0.182798	0.000160
590	Processed_l20160818-043109-V0645_Cen-I.fit	2457618.689420	0.183237	0.000161
591	Processed_l20160818-043137-V0645_Cen-I.fit	2457618.689744	0.184749	0.000161
592	Processed_l20160818-043205-V0645_Cen-I.fit	2457618.690068	0.183567	0.000160
593	Processed_l20160818-043233-V0645_Cen-I.fit	2457618.690392	0.185677	0.000163
594	Processed_l20160818-043300-V0645_Cen-I.fit	2457618.690716	0.184064	0.000162
595	Processed_l20160818-043328-V0645_Cen-I.fit	2457618.691029	0.184312	0.000162
596	Processed_l20160818-043356-V0645_Cen-I.fit	2457618.691353	0.187640	0.000163
597	Processed_l20160818-043424-V0645_Cen-I.fit	2457618.691677	0.184775	0.000160
598	Processed_l20160818-043451-V0645_Cen-I.fit	2457618.691989	0.185282	0.000161
599	Processed_l20160818-043519-V0645_Cen-I.fit	2457618.692314	0.186576	0.000162
600	Processed_l20160818-043547-V0645_Cen-I.fit	2457618.692638	0.187862	0.000165
601	Processed_l20160818-043614-V0645_Cen-I.fit	2457618.692950	0.182123	0.000161
602	Processed_l20160818-043642-V0645_Cen-I.fit	2457618.693274	0.187496	0.000164
603	Processed_l20160818-043710-V0645_Cen-I.fit	2457618.693598	0.187937	0.000165
604	Processed_l20160818-043737-V0645_Cen-I.fit	2457618.693922	0.185023	0.000163
605	Processed_l20160818-043805-V0645_Cen-I.fit	2457618.694235	0.184990	0.000163
606	Processed_l20160818-043833-V0645_Cen-I.fit	2457618.694559	0.182786	0.000162
607	Processed_l20160818-043901-V0645_Cen-I.fit	2457618.694883	0.186283	0.000164
608	Processed_l20160818-043928-V0645_Cen-I.fit	2457618.695195	0.186323	0.000163
609	Processed_l20160818-043956-V0645_Cen-I.fit	2457618.695519	0.183808	0.000161
610	Processed_l20160818-044024-V0645_Cen-I.fit	2457618.695843	0.185214	0.000163
611	Processed_l20160818-044052-V0645_Cen-I.fit	2457618.696167	0.183893	0.000162
612	Processed_l20160818-044119-V0645_Cen-I.fit	2457618.696480	0.183799	0.000163
613	Processed_l20160818-044147-V0645_Cen-I.fit	2457618.696804	0.189494	0.000166
614	Processed_l20160818-044408-V0645_Cen-I.fit	2457618.698598	0.179734	0.000294
