#	Label	BJD_TDB	rel_flux_T1	rel_flux_err_T1
1	Processed_l20160907-234550-V0645_Cen-I.fit	2457639.490069	0.182535	0.000177
2	Processed_l20160907-234700-V0645_Cen-I.fit	2457639.490659	0.184924	0.000200
3	Processed_l20160907-234736-V0645_Cen-I.fit	2457639.491076	0.183471	0.000204
4	Processed_l20160907-234909-V0645_Cen-I.fit	2457639.492152	0.179206	0.000180
5	Processed_l20160907-234940-V0645_Cen-I.fit	2457639.492511	0.188406	0.000199
6	Processed_l20160907-235010-V0645_Cen-I.fit	2457639.492858	0.181063	0.000191
7	Processed_l20160907-235040-V0645_Cen-I.fit	2457639.493205	0.183756	0.000196
8	Processed_l20160907-235116-V0645_Cen-I.fit	2457639.493622	0.181198	0.000176
9	Processed_l20160907-235146-V0645_Cen-I.fit	2457639.493981	0.184888	0.000174
10	Processed_l20160907-235218-V0645_Cen-I.fit	2457639.494339	0.180686	0.000171
11	Processed_l20160907-235250-V0645_Cen-I.fit	2457639.494710	0.181055	0.000170
12	Processed_l20160907-235321-V0645_Cen-I.fit	2457639.495069	0.180179	0.000170
13	Processed_l20160907-235354-V0645_Cen-I.fit	2457639.495450	0.181172	0.000168
14	Processed_l20160907-235426-V0645_Cen-I.fit	2457639.495821	0.177212	0.000165
15	Processed_l20160907-235458-V0645_Cen-I.fit	2457639.496191	0.183207	0.000168
16	Processed_l20160907-235530-V0645_Cen-I.fit	2457639.496561	0.180991	0.000166
17	Processed_l20160907-235602-V0645_Cen-I.fit	2457639.496932	0.178874	0.000167
18	Processed_l20160907-235633-V0645_Cen-I.fit	2457639.497291	0.185581	0.000171
19	Processed_l20160907-235703-V0645_Cen-I.fit	2457639.497638	0.183711	0.000169
20	Processed_l20160907-235734-V0645_Cen-I.fit	2457639.497997	0.184252	0.000169
21	Processed_l20160907-235805-V0645_Cen-I.fit	2457639.498355	0.188346	0.000190
22	Processed_l20160907-235836-V0645_Cen-I.fit	2457639.498714	0.180295	0.000169
23	Processed_l20160907-235907-V0645_Cen-I.fit	2457639.499084	0.181528	0.000168
24	Processed_l20160907-235940-V0645_Cen-I.fit	2457639.499455	0.179299	0.000168
25	Processed_l20160908-000012-V0645_Cen-I.fit	2457639.499825	0.183451	0.000169
26	Processed_l20160908-000044-V0645_Cen-I.fit	2457639.500195	0.185676	0.000174
27	Processed_l20160908-000116-V0645_Cen-I.fit	2457639.500566	0.187828	0.000190
28	Processed_l20160908-000149-V0645_Cen-I.fit	2457639.500948	0.188435	0.000275
29	Processed_l20160908-000219-V0645_Cen-I.fit	2457639.501307	0.186972	0.000356
30	Processed_l20160908-000249-V0645_Cen-I.fit	2457639.501654	0.181526	0.000439
31	Processed_l20160908-000320-V0645_Cen-I.fit	2457639.502001	0.167513	0.000539
32	Processed_l20160908-000350-V0645_Cen-I.fit	2457639.502360	0.182480	0.000437
33	Processed_l20160908-000422-V0645_Cen-I.fit	2457639.502718	0.180759	0.000623
34	Processed_l20160908-000454-V0645_Cen-I.fit	2457639.503089	0.176736	0.000515
35	Processed_l20160908-000525-V0645_Cen-I.fit	2457639.503448	0.171534	0.000354
36	Processed_l20160908-000557-V0645_Cen-I.fit	2457639.503818	0.183289	0.000266
37	Processed_l20160908-000628-V0645_Cen-I.fit	2457639.504177	0.175296	0.000248
38	Processed_l20160908-000701-V0645_Cen-I.fit	2457639.504559	0.180325	0.000185
39	Processed_l20160908-000732-V0645_Cen-I.fit	2457639.504917	0.179026	0.000173
40	Processed_l20160908-000802-V0645_Cen-I.fit	2457639.505276	0.181617	0.000193
41	Processed_l20160908-000834-V0645_Cen-I.fit	2457639.505635	0.181476	0.000215
42	Processed_l20160908-000905-V0645_Cen-I.fit	2457639.505994	0.183104	0.000231
43	Processed_l20160908-000938-V0645_Cen-I.fit	2457639.506376	0.179833	0.000199
44	Processed_l20160908-001009-V0645_Cen-I.fit	2457639.506734	0.178207	0.000178
45	Processed_l20160908-001041-V0645_Cen-I.fit	2457639.507105	0.182485	0.000171
46	Processed_l20160908-001113-V0645_Cen-I.fit	2457639.507487	0.183864	0.000169
47	Processed_l20160908-001145-V0645_Cen-I.fit	2457639.507857	0.183370	0.000168
48	Processed_l20160908-001218-V0645_Cen-I.fit	2457639.508227	0.180202	0.000166
49	Processed_l20160908-001249-V0645_Cen-I.fit	2457639.508598	0.185220	0.000168
50	Processed_l20160908-001322-V0645_Cen-I.fit	2457639.508968	0.181902	0.000168
51	Processed_l20160908-001352-V0645_Cen-I.fit	2457639.509315	0.178742	0.000164
52	Processed_l20160908-001424-V0645_Cen-I.fit	2457639.509686	0.177960	0.000163
53	Processed_l20160908-001454-V0645_Cen-I.fit	2457639.510033	0.179007	0.000166
54	Processed_l20160908-001523-V0645_Cen-I.fit	2457639.510368	0.180586	0.000164
55	Processed_l20160908-001553-V0645_Cen-I.fit	2457639.510716	0.180202	0.000165
56	Processed_l20160908-001623-V0645_Cen-I.fit	2457639.511074	0.178510	0.000162
57	Processed_l20160908-001654-V0645_Cen-I.fit	2457639.511422	0.177442	0.000164
58	Processed_l20160908-001726-V0645_Cen-I.fit	2457639.511792	0.184026	0.000166
59	Processed_l20160908-001758-V0645_Cen-I.fit	2457639.512162	0.183700	0.000166
60	Processed_l20160908-001830-V0645_Cen-I.fit	2457639.512533	0.178441	0.000163
61	Processed_l20160908-001901-V0645_Cen-I.fit	2457639.512891	0.181198	0.000165
62	Processed_l20160908-001931-V0645_Cen-I.fit	2457639.513239	0.180688	0.000165
63	Processed_l20160908-002003-V0645_Cen-I.fit	2457639.513609	0.178125	0.000164
64	Processed_l20160908-002034-V0645_Cen-I.fit	2457639.513968	0.177549	0.000165
65	Processed_l20160908-002104-V0645_Cen-I.fit	2457639.514326	0.183171	0.000167
66	Processed_l20160908-002137-V0645_Cen-I.fit	2457639.514697	0.178953	0.000163
67	Processed_l20160908-002209-V0645_Cen-I.fit	2457639.515067	0.189424	0.000170
68	Processed_l20160908-002241-V0645_Cen-I.fit	2457639.515449	0.184236	0.000169
69	Processed_l20160908-002314-V0645_Cen-I.fit	2457639.515819	0.177531	0.000165
70	Processed_l20160908-002346-V0645_Cen-I.fit	2457639.516190	0.184044	0.000170
71	Processed_l20160908-002418-V0645_Cen-I.fit	2457639.516560	0.185001	0.000171
72	Processed_l20160908-002450-V0645_Cen-I.fit	2457639.516930	0.184142	0.000170
73	Processed_l20160908-002520-V0645_Cen-I.fit	2457639.517289	0.179253	0.000164
74	Processed_l20160908-002553-V0645_Cen-I.fit	2457639.517660	0.181694	0.000163
75	Processed_l20160908-002624-V0645_Cen-I.fit	2457639.518018	0.179964	0.000163
76	Processed_l20160908-002656-V0645_Cen-I.fit	2457639.518389	0.181125	0.000164
77	Processed_l20160908-002728-V0645_Cen-I.fit	2457639.518759	0.181566	0.000164
78	Processed_l20160908-002800-V0645_Cen-I.fit	2457639.519129	0.180848	0.000164
79	Processed_l20160908-002832-V0645_Cen-I.fit	2457639.519500	0.180616	0.000164
80	Processed_l20160908-002903-V0645_Cen-I.fit	2457639.519859	0.182522	0.000164
81	Processed_l20160908-002934-V0645_Cen-I.fit	2457639.520217	0.179855	0.000165
82	Processed_l20160908-003006-V0645_Cen-I.fit	2457639.520599	0.182621	0.000162
83	Processed_l20160908-003038-V0645_Cen-I.fit	2457639.520970	0.179142	0.000163
84	Processed_l20160908-003108-V0645_Cen-I.fit	2457639.521305	0.180244	0.000162
85	Processed_l20160908-003138-V0645_Cen-I.fit	2457639.521652	0.183775	0.000161
86	Processed_l20160908-003208-V0645_Cen-I.fit	2457639.522000	0.183445	0.000166
87	Processed_l20160908-003237-V0645_Cen-I.fit	2457639.522335	0.182061	0.000163
88	Processed_l20160908-003307-V0645_Cen-I.fit	2457639.522682	0.182887	0.000165
89	Processed_l20160908-003337-V0645_Cen-I.fit	2457639.523030	0.183663	0.000164
90	Processed_l20160908-003408-V0645_Cen-I.fit	2457639.523388	0.182275	0.000164
91	Processed_l20160908-003440-V0645_Cen-I.fit	2457639.523759	0.181427	0.000164
92	Processed_l20160908-003511-V0645_Cen-I.fit	2457639.524118	0.184751	0.000166
93	Processed_l20160908-003544-V0645_Cen-I.fit	2457639.524499	0.179889	0.000164
94	Processed_l20160908-003616-V0645_Cen-I.fit	2457639.524870	0.184646	0.000167
95	Processed_l20160908-003646-V0645_Cen-I.fit	2457639.525217	0.180265	0.000166
96	Processed_l20160908-003716-V0645_Cen-I.fit	2457639.525564	0.180621	0.000165
97	Processed_l20160908-003746-V0645_Cen-I.fit	2457639.525911	0.180666	0.000163
98	Processed_l20160908-003816-V0645_Cen-I.fit	2457639.526259	0.185298	0.000167
99	Processed_l20160908-003846-V0645_Cen-I.fit	2457639.526606	0.179922	0.000163
100	Processed_l20160908-003917-V0645_Cen-I.fit	2457639.526965	0.179400	0.000164
101	Processed_l20160908-003948-V0645_Cen-I.fit	2457639.527323	0.178314	0.000162
102	Processed_l20160908-004019-V0645_Cen-I.fit	2457639.527682	0.182010	0.000165
103	Processed_l20160908-004050-V0645_Cen-I.fit	2457639.528041	0.179215	0.000164
104	Processed_l20160908-004121-V0645_Cen-I.fit	2457639.528400	0.183836	0.000167
105	Processed_l20160908-004152-V0645_Cen-I.fit	2457639.528758	0.183215	0.000165
106	Processed_l20160908-004222-V0645_Cen-I.fit	2457639.529106	0.182806	0.000164
107	Processed_l20160908-004253-V0645_Cen-I.fit	2457639.529476	0.178724	0.000163
108	Processed_l20160908-004325-V0645_Cen-I.fit	2457639.529835	0.182915	0.000166
109	Processed_l20160908-004356-V0645_Cen-I.fit	2457639.530193	0.179147	0.000164
110	Processed_l20160908-004425-V0645_Cen-I.fit	2457639.530529	0.182026	0.000162
111	Processed_l20160908-004457-V0645_Cen-I.fit	2457639.530899	0.180848	0.000165
112	Processed_l20160908-004530-V0645_Cen-I.fit	2457639.531293	0.186769	0.000166
113	Processed_l20160908-004600-V0645_Cen-I.fit	2457639.531629	0.183719	0.000165
114	Processed_l20160908-004630-V0645_Cen-I.fit	2457639.531976	0.182392	0.000163
115	Processed_l20160908-004701-V0645_Cen-I.fit	2457639.532335	0.181980	0.000167
116	Processed_l20160908-004731-V0645_Cen-I.fit	2457639.532682	0.179870	0.000166
117	Processed_l20160908-004801-V0645_Cen-I.fit	2457639.533029	0.183620	0.000166
118	Processed_l20160908-004830-V0645_Cen-I.fit	2457639.533365	0.183257	0.000168
119	Processed_l20160908-004903-V0645_Cen-I.fit	2457639.533746	0.181744	0.000165
120	Processed_l20160908-004933-V0645_Cen-I.fit	2457639.534094	0.180519	0.000163
121	Processed_l20160908-005003-V0645_Cen-I.fit	2457639.534441	0.180460	0.000163
122	Processed_l20160908-005032-V0645_Cen-I.fit	2457639.534777	0.181203	0.000163
123	Processed_l20160908-005102-V0645_Cen-I.fit	2457639.535124	0.182246	0.000164
124	Processed_l20160908-005132-V0645_Cen-I.fit	2457639.535471	0.182473	0.000165
125	Processed_l20160908-005202-V0645_Cen-I.fit	2457639.535818	0.183968	0.000165
126	Processed_l20160908-005232-V0645_Cen-I.fit	2457639.536165	0.183316	0.000165
127	Processed_l20160908-005302-V0645_Cen-I.fit	2457639.536513	0.183828	0.000162
128	Processed_l20160908-005333-V0645_Cen-I.fit	2457639.536883	0.180685	0.000164
129	Processed_l20160908-005405-V0645_Cen-I.fit	2457639.537242	0.183350	0.000166
130	Processed_l20160908-005437-V0645_Cen-I.fit	2457639.537612	0.184097	0.000166
131	Processed_l20160908-005510-V0645_Cen-I.fit	2457639.537994	0.182882	0.000165
132	Processed_l20160908-005542-V0645_Cen-I.fit	2457639.538364	0.182994	0.000165
133	Processed_l20160908-005617-V0645_Cen-I.fit	2457639.538769	0.180929	0.000164
134	Processed_l20160908-005649-V0645_Cen-I.fit	2457639.539140	0.182340	0.000163
135	Processed_l20160908-005720-V0645_Cen-I.fit	2457639.539498	0.179880	0.000162
136	Processed_l20160908-005752-V0645_Cen-I.fit	2457639.539869	0.180446	0.000166
137	Processed_l20160908-005823-V0645_Cen-I.fit	2457639.540228	0.184576	0.000164
138	Processed_l20160908-005853-V0645_Cen-I.fit	2457639.540575	0.179927	0.000164
139	Processed_l20160908-005923-V0645_Cen-I.fit	2457639.540922	0.180700	0.000163
140	Processed_l20160908-005954-V0645_Cen-I.fit	2457639.541281	0.182266	0.000165
141	Processed_l20160908-010024-V0645_Cen-I.fit	2457639.541628	0.179733	0.000163
142	Processed_l20160908-010053-V0645_Cen-I.fit	2457639.541964	0.183269	0.000166
143	Processed_l20160908-010123-V0645_Cen-I.fit	2457639.542311	0.179106	0.000163
144	Processed_l20160908-010152-V0645_Cen-I.fit	2457639.542646	0.180580	0.000165
145	Processed_l20160908-010222-V0645_Cen-I.fit	2457639.542994	0.175183	0.000161
146	Processed_l20160908-010252-V0645_Cen-I.fit	2457639.543341	0.184626	0.000169
147	Processed_l20160908-010324-V0645_Cen-I.fit	2457639.543723	0.181532	0.000166
148	Processed_l20160908-010358-V0645_Cen-I.fit	2457639.544105	0.182144	0.000165
149	Processed_l20160908-010428-V0645_Cen-I.fit	2457639.544452	0.179328	0.000164
150	Processed_l20160908-010458-V0645_Cen-I.fit	2457639.544799	0.177176	0.000163
151	Processed_l20160908-010533-V0645_Cen-I.fit	2457639.545216	0.182829	0.000168
152	Processed_l20160908-010603-V0645_Cen-I.fit	2457639.545551	0.181800	0.000165
153	Processed_l20160908-010632-V0645_Cen-I.fit	2457639.545887	0.180289	0.000166
154	Processed_l20160908-010701-V0645_Cen-I.fit	2457639.546223	0.180079	0.000164
155	Processed_l20160908-010730-V0645_Cen-I.fit	2457639.546558	0.178498	0.000161
156	Processed_l20160908-010800-V0645_Cen-I.fit	2457639.546905	0.184266	0.000165
157	Processed_l20160908-010830-V0645_Cen-I.fit	2457639.547253	0.180892	0.000166
158	Processed_l20160908-010859-V0645_Cen-I.fit	2457639.547588	0.181693	0.000163
159	Processed_l20160908-010929-V0645_Cen-I.fit	2457639.547935	0.179508	0.000163
160	Processed_l20160908-011001-V0645_Cen-I.fit	2457639.548306	0.182764	0.000165
161	Processed_l20160908-011031-V0645_Cen-I.fit	2457639.548664	0.183071	0.000164
162	Processed_l20160908-011106-V0645_Cen-I.fit	2457639.549058	0.183201	0.000166
163	Processed_l20160908-011139-V0645_Cen-I.fit	2457639.549440	0.182796	0.000164
164	Processed_l20160908-011209-V0645_Cen-I.fit	2457639.549799	0.182292	0.000165
165	Processed_l20160908-011240-V0645_Cen-I.fit	2457639.550157	0.179804	0.000162
166	Processed_l20160908-011312-V0645_Cen-I.fit	2457639.550516	0.182502	0.000164
167	Processed_l20160908-011345-V0645_Cen-I.fit	2457639.550898	0.182610	0.000164
168	Processed_l20160908-011415-V0645_Cen-I.fit	2457639.551245	0.181718	0.000164
169	Processed_l20160908-011446-V0645_Cen-I.fit	2457639.551604	0.184724	0.000167
170	Processed_l20160908-011517-V0645_Cen-I.fit	2457639.551963	0.182330	0.000166
171	Processed_l20160908-011547-V0645_Cen-I.fit	2457639.552310	0.186164	0.000168
172	Processed_l20160908-011616-V0645_Cen-I.fit	2457639.552646	0.184937	0.000169
173	Processed_l20160908-011646-V0645_Cen-I.fit	2457639.553004	0.182175	0.000166
174	Processed_l20160908-011716-V0645_Cen-I.fit	2457639.553352	0.180515	0.000165
175	Processed_l20160908-011746-V0645_Cen-I.fit	2457639.553699	0.185404	0.000168
176	Processed_l20160908-011816-V0645_Cen-I.fit	2457639.554034	0.178959	0.000165
177	Processed_l20160908-011847-V0645_Cen-I.fit	2457639.554393	0.186309	0.000170
178	Processed_l20160908-011917-V0645_Cen-I.fit	2457639.554740	0.180704	0.000165
179	Processed_l20160908-011947-V0645_Cen-I.fit	2457639.555099	0.179199	0.000165
180	Processed_l20160908-012019-V0645_Cen-I.fit	2457639.555458	0.179204	0.000165
181	Processed_l20160908-012049-V0645_Cen-I.fit	2457639.555805	0.183033	0.000168
182	Processed_l20160908-012124-V0645_Cen-I.fit	2457639.556210	0.177154	0.000164
183	Processed_l20160908-012154-V0645_Cen-I.fit	2457639.556557	0.180621	0.000165
184	Processed_l20160908-012226-V0645_Cen-I.fit	2457639.556928	0.180064	0.000167
185	Processed_l20160908-012257-V0645_Cen-I.fit	2457639.557287	0.178485	0.000164
186	Processed_l20160908-012329-V0645_Cen-I.fit	2457639.557657	0.178607	0.000165
187	Processed_l20160908-012400-V0645_Cen-I.fit	2457639.558016	0.180954	0.000166
188	Processed_l20160908-012431-V0645_Cen-I.fit	2457639.558374	0.183735	0.000167
189	Processed_l20160908-012504-V0645_Cen-I.fit	2457639.558756	0.179551	0.000166
190	Processed_l20160908-012535-V0645_Cen-I.fit	2457639.559115	0.183765	0.000167
191	Processed_l20160908-012606-V0645_Cen-I.fit	2457639.559474	0.183028	0.000166
192	Processed_l20160908-012636-V0645_Cen-I.fit	2457639.559821	0.178765	0.000164
193	Processed_l20160908-012706-V0645_Cen-I.fit	2457639.560168	0.176752	0.000164
194	Processed_l20160908-012737-V0645_Cen-I.fit	2457639.560527	0.188266	0.000170
195	Processed_l20160908-012807-V0645_Cen-I.fit	2457639.560874	0.180244	0.000165
196	Processed_l20160908-012837-V0645_Cen-I.fit	2457639.561222	0.183434	0.000166
197	Processed_l20160908-012907-V0645_Cen-I.fit	2457639.561569	0.178808	0.000165
198	Processed_l20160908-012937-V0645_Cen-I.fit	2457639.561916	0.174709	0.000161
199	Processed_l20160908-013006-V0645_Cen-I.fit	2457639.562252	0.181891	0.000166
200	Processed_l20160908-013042-V0645_Cen-I.fit	2457639.562668	0.178855	0.000163
201	Processed_l20160908-013115-V0645_Cen-I.fit	2457639.563050	0.180233	0.000164
202	Processed_l20160908-013148-V0645_Cen-I.fit	2457639.563432	0.183426	0.000175
203	Processed_l20160908-013218-V0645_Cen-I.fit	2457639.563779	0.183093	0.000160
204	Processed_l20160908-013248-V0645_Cen-I.fit	2457639.564126	0.175631	0.000163
205	Processed_l20160908-013318-V0645_Cen-I.fit	2457639.564474	0.178158	0.000164
206	Processed_l20160908-013348-V0645_Cen-I.fit	2457639.564821	0.179025	0.000165
207	Processed_l20160908-013418-V0645_Cen-I.fit	2457639.565168	0.185371	0.000168
208	Processed_l20160908-013448-V0645_Cen-I.fit	2457639.565515	0.183899	0.000168
209	Processed_l20160908-013517-V0645_Cen-I.fit	2457639.565851	0.182728	0.000167
210	Processed_l20160908-013549-V0645_Cen-I.fit	2457639.566221	0.183096	0.000168
211	Processed_l20160908-013623-V0645_Cen-I.fit	2457639.566615	0.180243	0.000167
212	Processed_l20160908-013655-V0645_Cen-I.fit	2457639.566985	0.184079	0.000168
213	Processed_l20160908-013726-V0645_Cen-I.fit	2457639.567344	0.182465	0.000168
214	Processed_l20160908-013755-V0645_Cen-I.fit	2457639.567679	0.181582	0.000168
215	Processed_l20160908-013825-V0645_Cen-I.fit	2457639.568027	0.183362	0.000167
216	Processed_l20160908-013855-V0645_Cen-I.fit	2457639.568374	0.181829	0.000168
217	Processed_l20160908-013925-V0645_Cen-I.fit	2457639.568721	0.179327	0.000163
218	Processed_l20160908-013956-V0645_Cen-I.fit	2457639.569080	0.183217	0.000166
219	Processed_l20160908-014026-V0645_Cen-I.fit	2457639.569427	0.180635	0.000160
220	Processed_l20160908-014056-V0645_Cen-I.fit	2457639.569774	0.179529	0.000157
221	Processed_l20160908-014126-V0645_Cen-I.fit	2457639.570121	0.182843	0.000162
222	Processed_l20160908-014156-V0645_Cen-I.fit	2457639.570469	0.181976	0.000156
223	Processed_l20160908-014228-V0645_Cen-I.fit	2457639.570839	0.185973	0.000184
224	Processed_l20160908-014259-V0645_Cen-I.fit	2457639.571198	0.183388	0.000226
225	Processed_l20160908-014328-V0645_Cen-I.fit	2457639.571545	0.180304	0.000252
226	Processed_l20160908-014358-V0645_Cen-I.fit	2457639.571881	0.177963	0.000163
227	Processed_l20160908-014428-V0645_Cen-I.fit	2457639.572228	0.183563	0.000168
228	Processed_l20160908-014458-V0645_Cen-I.fit	2457639.572575	0.186134	0.000170
229	Processed_l20160908-014529-V0645_Cen-I.fit	2457639.572934	0.183866	0.000167
230	Processed_l20160908-014604-V0645_Cen-I.fit	2457639.573339	0.182425	0.000166
231	Processed_l20160908-014635-V0645_Cen-I.fit	2457639.573698	0.181700	0.000166
232	Processed_l20160908-014705-V0645_Cen-I.fit	2457639.574045	0.182554	0.000166
233	Processed_l20160908-014737-V0645_Cen-I.fit	2457639.574415	0.181286	0.000165
234	Processed_l20160908-014809-V0645_Cen-I.fit	2457639.574785	0.180941	0.000166
235	Processed_l20160908-014841-V0645_Cen-I.fit	2457639.575156	0.184314	0.000167
236	Processed_l20160908-014911-V0645_Cen-I.fit	2457639.575503	0.183114	0.000167
237	Processed_l20160908-014942-V0645_Cen-I.fit	2457639.575862	0.180819	0.000166
238	Processed_l20160908-015011-V0645_Cen-I.fit	2457639.576197	0.183956	0.000167
239	Processed_l20160908-015042-V0645_Cen-I.fit	2457639.576556	0.178654	0.000163
240	Processed_l20160908-015114-V0645_Cen-I.fit	2457639.576926	0.183820	0.000167
241	Processed_l20160908-015145-V0645_Cen-I.fit	2457639.577285	0.182823	0.000167
242	Processed_l20160908-015216-V0645_Cen-I.fit	2457639.577644	0.179222	0.000164
243	Processed_l20160908-015247-V0645_Cen-I.fit	2457639.578003	0.180512	0.000167
244	Processed_l20160908-015317-V0645_Cen-I.fit	2457639.578350	0.180541	0.000166
245	Processed_l20160908-015347-V0645_Cen-I.fit	2457639.578697	0.180293	0.000165
246	Processed_l20160908-015419-V0645_Cen-I.fit	2457639.579068	0.183553	0.000168
247	Processed_l20160908-015450-V0645_Cen-I.fit	2457639.579426	0.184156	0.000169
248	Processed_l20160908-015526-V0645_Cen-I.fit	2457639.579843	0.182364	0.000167
249	Processed_l20160908-015556-V0645_Cen-I.fit	2457639.580190	0.178246	0.000165
250	Processed_l20160908-015629-V0645_Cen-I.fit	2457639.580572	0.184752	0.000168
251	Processed_l20160908-015701-V0645_Cen-I.fit	2457639.580942	0.179576	0.000165
252	Processed_l20160908-015734-V0645_Cen-I.fit	2457639.581324	0.179521	0.000165
253	Processed_l20160908-015803-V0645_Cen-I.fit	2457639.581660	0.178745	0.000162
254	Processed_l20160908-015839-V0645_Cen-I.fit	2457639.582077	0.177605	0.000164
255	Processed_l20160908-015910-V0645_Cen-I.fit	2457639.582435	0.181713	0.000166
256	Processed_l20160908-015943-V0645_Cen-I.fit	2457639.582817	0.182861	0.000166
257	Processed_l20160908-020014-V0645_Cen-I.fit	2457639.583188	0.178828	0.000163
258	Processed_l20160908-020045-V0645_Cen-I.fit	2457639.583535	0.179643	0.000163
259	Processed_l20160908-020114-V0645_Cen-I.fit	2457639.583882	0.182904	0.000165
260	Processed_l20160908-020144-V0645_Cen-I.fit	2457639.584218	0.182324	0.000164
261	Processed_l20160908-020214-V0645_Cen-I.fit	2457639.584565	0.177972	0.000163
262	Processed_l20160908-020244-V0645_Cen-I.fit	2457639.584912	0.186924	0.000168
263	Processed_l20160908-020315-V0645_Cen-I.fit	2457639.585271	0.183491	0.000165
264	Processed_l20160908-020347-V0645_Cen-I.fit	2457639.585641	0.183367	0.000166
265	Processed_l20160908-020418-V0645_Cen-I.fit	2457639.586000	0.180987	0.000164
266	Processed_l20160908-020449-V0645_Cen-I.fit	2457639.586359	0.179654	0.000164
267	Processed_l20160908-020521-V0645_Cen-I.fit	2457639.586729	0.175778	0.000161
268	Processed_l20160908-020551-V0645_Cen-I.fit	2457639.587076	0.187580	0.000169
269	Processed_l20160908-020621-V0645_Cen-I.fit	2457639.587423	0.181659	0.000164
270	Processed_l20160908-020651-V0645_Cen-I.fit	2457639.587771	0.182010	0.000165
271	Processed_l20160908-020721-V0645_Cen-I.fit	2457639.588118	0.183803	0.000167
272	Processed_l20160908-020751-V0645_Cen-I.fit	2457639.588477	0.178239	0.000163
273	Processed_l20160908-020822-V0645_Cen-I.fit	2457639.588824	0.179583	0.000164
274	Processed_l20160908-020852-V0645_Cen-I.fit	2457639.589171	0.179744	0.000166
275	Processed_l20160908-020922-V0645_Cen-I.fit	2457639.589518	0.183915	0.000167
276	Processed_l20160908-020952-V0645_Cen-I.fit	2457639.589865	0.181955	0.000167
277	Processed_l20160908-021022-V0645_Cen-I.fit	2457639.590213	0.181660	0.000165
278	Processed_l20160908-021051-V0645_Cen-I.fit	2457639.590548	0.183294	0.000166
279	Processed_l20160908-021122-V0645_Cen-I.fit	2457639.590907	0.179695	0.000164
280	Processed_l20160908-021152-V0645_Cen-I.fit	2457639.591254	0.180969	0.000166
281	Processed_l20160908-021222-V0645_Cen-I.fit	2457639.591601	0.185309	0.000167
282	Processed_l20160908-021252-V0645_Cen-I.fit	2457639.591960	0.178980	0.000165
283	Processed_l20160908-021322-V0645_Cen-I.fit	2457639.592307	0.181780	0.000165
284	Processed_l20160908-021353-V0645_Cen-I.fit	2457639.592655	0.181581	0.000165
285	Processed_l20160908-021423-V0645_Cen-I.fit	2457639.593013	0.176027	0.000163
286	Processed_l20160908-021453-V0645_Cen-I.fit	2457639.593349	0.182704	0.000165
287	Processed_l20160908-021524-V0645_Cen-I.fit	2457639.593708	0.182662	0.000165
288	Processed_l20160908-021553-V0645_Cen-I.fit	2457639.594055	0.181715	0.000163
289	Processed_l20160908-021624-V0645_Cen-I.fit	2457639.594402	0.182964	0.000164
290	Processed_l20160908-021654-V0645_Cen-I.fit	2457639.594749	0.186778	0.000165
291	Processed_l20160908-021726-V0645_Cen-I.fit	2457639.595120	0.184955	0.000164
292	Processed_l20160908-021757-V0645_Cen-I.fit	2457639.595478	0.181692	0.000164
293	Processed_l20160908-021828-V0645_Cen-I.fit	2457639.595837	0.182164	0.000165
294	Processed_l20160908-021857-V0645_Cen-I.fit	2457639.596184	0.181642	0.000163
295	Processed_l20160908-021928-V0645_Cen-I.fit	2457639.596532	0.184454	0.000164
296	Processed_l20160908-022000-V0645_Cen-I.fit	2457639.596902	0.180522	0.000162
297	Processed_l20160908-022032-V0645_Cen-I.fit	2457639.597272	0.182190	0.000168
298	Processed_l20160908-022105-V0645_Cen-I.fit	2457639.597654	0.179934	0.000163
299	Processed_l20160908-022136-V0645_Cen-I.fit	2457639.598013	0.184396	0.000166
300	Processed_l20160908-022208-V0645_Cen-I.fit	2457639.598383	0.184376	0.000165
301	Processed_l20160908-022243-V0645_Cen-I.fit	2457639.598788	0.183935	0.000167
302	Processed_l20160908-022313-V0645_Cen-I.fit	2457639.599136	0.181523	0.000163
303	Processed_l20160908-022343-V0645_Cen-I.fit	2457639.599483	0.184836	0.000165
304	Processed_l20160908-022413-V0645_Cen-I.fit	2457639.599830	0.180536	0.000163
305	Processed_l20160908-022443-V0645_Cen-I.fit	2457639.600177	0.181506	0.000170
306	Processed_l20160908-022513-V0645_Cen-I.fit	2457639.600524	0.179412	0.000190
307	Processed_l20160908-022543-V0645_Cen-I.fit	2457639.600872	0.181473	0.000168
308	Processed_l20160908-022613-V0645_Cen-I.fit	2457639.601219	0.181698	0.000168
309	Processed_l20160908-022643-V0645_Cen-I.fit	2457639.601566	0.182399	0.000167
310	Processed_l20160908-022713-V0645_Cen-I.fit	2457639.601913	0.186019	0.000169
311	Processed_l20160908-022743-V0645_Cen-I.fit	2457639.602260	0.183872	0.000167
312	Processed_l20160908-022813-V0645_Cen-I.fit	2457639.602608	0.180577	0.000162
313	Processed_l20160908-022843-V0645_Cen-I.fit	2457639.602955	0.179304	0.000163
314	Processed_l20160908-022913-V0645_Cen-I.fit	2457639.603314	0.180582	0.000165
315	Processed_l20160908-022944-V0645_Cen-I.fit	2457639.603661	0.181317	0.000165
316	Processed_l20160908-023014-V0645_Cen-I.fit	2457639.604008	0.181078	0.000166
317	Processed_l20160908-023045-V0645_Cen-I.fit	2457639.604367	0.181814	0.000169
318	Processed_l20160908-023116-V0645_Cen-I.fit	2457639.604726	0.181605	0.000167
319	Processed_l20160908-023152-V0645_Cen-I.fit	2457639.605154	0.184295	0.000171
320	Processed_l20160908-023223-V0645_Cen-I.fit	2457639.605501	0.183513	0.000173
321	Processed_l20160908-023254-V0645_Cen-I.fit	2457639.605860	0.181372	0.000169
322	Processed_l20160908-023324-V0645_Cen-I.fit	2457639.606207	0.183004	0.000173
323	Processed_l20160908-023355-V0645_Cen-I.fit	2457639.606566	0.182218	0.000171
324	Processed_l20160908-023424-V0645_Cen-I.fit	2457639.606901	0.183844	0.000170
325	Processed_l20160908-023453-V0645_Cen-I.fit	2457639.607237	0.180204	0.000167
326	Processed_l20160908-023524-V0645_Cen-I.fit	2457639.607607	0.181134	0.000166
327	Processed_l20160908-023555-V0645_Cen-I.fit	2457639.607954	0.181166	0.000166
328	Processed_l20160908-023626-V0645_Cen-I.fit	2457639.608325	0.182591	0.000166
329	Processed_l20160908-023658-V0645_Cen-I.fit	2457639.608684	0.182069	0.000165
330	Processed_l20160908-023730-V0645_Cen-I.fit	2457639.609054	0.185299	0.000168
331	Processed_l20160908-023802-V0645_Cen-I.fit	2457639.609424	0.177466	0.000164
332	Processed_l20160908-023836-V0645_Cen-I.fit	2457639.609818	0.181085	0.000164
333	Processed_l20160908-023906-V0645_Cen-I.fit	2457639.610165	0.183101	0.000166
334	Processed_l20160908-023936-V0645_Cen-I.fit	2457639.610512	0.180184	0.000163
335	Processed_l20160908-024007-V0645_Cen-I.fit	2457639.610871	0.181794	0.000165
336	Processed_l20160908-024037-V0645_Cen-I.fit	2457639.611218	0.185085	0.000168
337	Processed_l20160908-024107-V0645_Cen-I.fit	2457639.611577	0.179817	0.000164
338	Processed_l20160908-024137-V0645_Cen-I.fit	2457639.611913	0.180373	0.000164
339	Processed_l20160908-024209-V0645_Cen-I.fit	2457639.612283	0.183855	0.000165
340	Processed_l20160908-024239-V0645_Cen-I.fit	2457639.612630	0.180987	0.000165
341	Processed_l20160908-024311-V0645_Cen-I.fit	2457639.613000	0.184690	0.000167
342	Processed_l20160908-024344-V0645_Cen-I.fit	2457639.613382	0.180758	0.000167
343	Processed_l20160908-024415-V0645_Cen-I.fit	2457639.613741	0.182934	0.000167
344	Processed_l20160908-024445-V0645_Cen-I.fit	2457639.614088	0.183265	0.000169
345	Processed_l20160908-024515-V0645_Cen-I.fit	2457639.614436	0.182006	0.000170
346	Processed_l20160908-024546-V0645_Cen-I.fit	2457639.614794	0.177735	0.000165
347	Processed_l20160908-024617-V0645_Cen-I.fit	2457639.615153	0.181050	0.000166
348	Processed_l20160908-024647-V0645_Cen-I.fit	2457639.615500	0.181519	0.000165
349	Processed_l20160908-024720-V0645_Cen-I.fit	2457639.615882	0.180695	0.000168
350	Processed_l20160908-024751-V0645_Cen-I.fit	2457639.616241	0.182750	0.000167
351	Processed_l20160908-024823-V0645_Cen-I.fit	2457639.616611	0.182044	0.000170
352	Processed_l20160908-024854-V0645_Cen-I.fit	2457639.616970	0.182041	0.000169
353	Processed_l20160908-024925-V0645_Cen-I.fit	2457639.617329	0.181816	0.000166
354	Processed_l20160908-024956-V0645_Cen-I.fit	2457639.617688	0.180681	0.000166
355	Processed_l20160908-025026-V0645_Cen-I.fit	2457639.618035	0.178437	0.000165
356	Processed_l20160908-025056-V0645_Cen-I.fit	2457639.618394	0.181009	0.000166
357	Processed_l20160908-025127-V0645_Cen-I.fit	2457639.618741	0.186300	0.000170
358	Processed_l20160908-025157-V0645_Cen-I.fit	2457639.619088	0.184737	0.000171
359	Processed_l20160908-025227-V0645_Cen-I.fit	2457639.619447	0.179949	0.000169
360	Processed_l20160908-025259-V0645_Cen-I.fit	2457639.619806	0.183065	0.000170
361	Processed_l20160908-025331-V0645_Cen-I.fit	2457639.620176	0.184762	0.000171
362	Processed_l20160908-025402-V0645_Cen-I.fit	2457639.620535	0.177530	0.000166
363	Processed_l20160908-025433-V0645_Cen-I.fit	2457639.620893	0.181601	0.000169
364	Processed_l20160908-025505-V0645_Cen-I.fit	2457639.621264	0.183301	0.000169
365	Processed_l20160908-025540-V0645_Cen-I.fit	2457639.621669	0.186584	0.000172
366	Processed_l20160908-025610-V0645_Cen-I.fit	2457639.622016	0.187757	0.000171
367	Processed_l20160908-025640-V0645_Cen-I.fit	2457639.622363	0.183202	0.000168
368	Processed_l20160908-025710-V0645_Cen-I.fit	2457639.622710	0.186234	0.000169
369	Processed_l20160908-025740-V0645_Cen-I.fit	2457639.623058	0.182066	0.000167
370	Processed_l20160908-025812-V0645_Cen-I.fit	2457639.623428	0.174904	0.000163
371	Processed_l20160908-025842-V0645_Cen-I.fit	2457639.623775	0.180459	0.000167
372	Processed_l20160908-025911-V0645_Cen-I.fit	2457639.624122	0.182480	0.000166
373	Processed_l20160908-025941-V0645_Cen-I.fit	2457639.624458	0.180605	0.000167
374	Processed_l20160908-030012-V0645_Cen-I.fit	2457639.624828	0.181643	0.000167
375	Processed_l20160908-030045-V0645_Cen-I.fit	2457639.625199	0.185751	0.000168
376	Processed_l20160908-030116-V0645_Cen-I.fit	2457639.625557	0.183269	0.000167
377	Processed_l20160908-030146-V0645_Cen-I.fit	2457639.625905	0.185172	0.000166
378	Processed_l20160908-030216-V0645_Cen-I.fit	2457639.626252	0.181511	0.000166
379	Processed_l20160908-030246-V0645_Cen-I.fit	2457639.626599	0.181870	0.000167
380	Processed_l20160908-030316-V0645_Cen-I.fit	2457639.626946	0.180062	0.000164
381	Processed_l20160908-030346-V0645_Cen-I.fit	2457639.627293	0.182638	0.000166
382	Processed_l20160908-030417-V0645_Cen-I.fit	2457639.627652	0.179536	0.000166
383	Processed_l20160908-030449-V0645_Cen-I.fit	2457639.628023	0.178881	0.000166
384	Processed_l20160908-030520-V0645_Cen-I.fit	2457639.628381	0.183396	0.000167
385	Processed_l20160908-030552-V0645_Cen-I.fit	2457639.628752	0.187175	0.000169
386	Processed_l20160908-030623-V0645_Cen-I.fit	2457639.629110	0.179749	0.000165
387	Processed_l20160908-030654-V0645_Cen-I.fit	2457639.629469	0.187328	0.000170
388	Processed_l20160908-030724-V0645_Cen-I.fit	2457639.629816	0.182780	0.000168
389	Processed_l20160908-030753-V0645_Cen-I.fit	2457639.630152	0.185197	0.000169
390	Processed_l20160908-030823-V0645_Cen-I.fit	2457639.630511	0.185720	0.000171
391	Processed_l20160908-030854-V0645_Cen-I.fit	2457639.630858	0.182283	0.000169
392	Processed_l20160908-030924-V0645_Cen-I.fit	2457639.631205	0.183598	0.000167
393	Processed_l20160908-030954-V0645_Cen-I.fit	2457639.631552	0.183508	0.000169
394	Processed_l20160908-031024-V0645_Cen-I.fit	2457639.631911	0.182265	0.000169
395	Processed_l20160908-031056-V0645_Cen-I.fit	2457639.632270	0.178454	0.000167
396	Processed_l20160908-031133-V0645_Cen-I.fit	2457639.632698	0.182547	0.000170
397	Processed_l20160908-031203-V0645_Cen-I.fit	2457639.633045	0.180920	0.000173
398	Processed_l20160908-031233-V0645_Cen-I.fit	2457639.633393	0.182306	0.000174
399	Processed_l20160908-031304-V0645_Cen-I.fit	2457639.633751	0.181689	0.000176
400	Processed_l20160908-031336-V0645_Cen-I.fit	2457639.634122	0.184597	0.000178
401	Processed_l20160908-031407-V0645_Cen-I.fit	2457639.634480	0.178853	0.000172
402	Processed_l20160908-031438-V0645_Cen-I.fit	2457639.634839	0.178517	0.000170
403	Processed_l20160908-031510-V0645_Cen-I.fit	2457639.635210	0.186050	0.000178
404	Processed_l20160908-031541-V0645_Cen-I.fit	2457639.635568	0.180812	0.000172
405	Processed_l20160908-031613-V0645_Cen-I.fit	2457639.635939	0.177920	0.000171
406	Processed_l20160908-031644-V0645_Cen-I.fit	2457639.636298	0.183650	0.000175
407	Processed_l20160908-031716-V0645_Cen-I.fit	2457639.636668	0.181311	0.000175
408	Processed_l20160908-031747-V0645_Cen-I.fit	2457639.637027	0.186157	0.000174
409	Processed_l20160908-031816-V0645_Cen-I.fit	2457639.637362	0.184025	0.000173
410	Processed_l20160908-031847-V0645_Cen-I.fit	2457639.637721	0.181638	0.000171
411	Processed_l20160908-031916-V0645_Cen-I.fit	2457639.638057	0.178239	0.000171
412	Processed_l20160908-031945-V0645_Cen-I.fit	2457639.638392	0.182768	0.000173
413	Processed_l20160908-032017-V0645_Cen-I.fit	2457639.638763	0.179838	0.000174
414	Processed_l20160908-032050-V0645_Cen-I.fit	2457639.639145	0.180473	0.000176
415	Processed_l20160908-032120-V0645_Cen-I.fit	2457639.639492	0.183061	0.000179
416	Processed_l20160908-032152-V0645_Cen-I.fit	2457639.639862	0.176979	0.000181
417	Processed_l20160908-032224-V0645_Cen-I.fit	2457639.640232	0.182781	0.000185
418	Processed_l20160908-032255-V0645_Cen-I.fit	2457639.640591	0.179339	0.000186
419	Processed_l20160908-032326-V0645_Cen-I.fit	2457639.640950	0.186199	0.000188
420	Processed_l20160908-032356-V0645_Cen-I.fit	2457639.641297	0.175805	0.000181
421	Processed_l20160908-032426-V0645_Cen-I.fit	2457639.641644	0.185422	0.000183
422	Processed_l20160908-032456-V0645_Cen-I.fit	2457639.641992	0.182752	0.000183
423	Processed_l20160908-032526-V0645_Cen-I.fit	2457639.642339	0.184710	0.000183
424	Processed_l20160908-032556-V0645_Cen-I.fit	2457639.642686	0.179720	0.000178
425	Processed_l20160908-032626-V0645_Cen-I.fit	2457639.643045	0.179805	0.000181
426	Processed_l20160908-032656-V0645_Cen-I.fit	2457639.643380	0.185729	0.000186
427	Processed_l20160908-032726-V0645_Cen-I.fit	2457639.643728	0.180372	0.000184
428	Processed_l20160908-032756-V0645_Cen-I.fit	2457639.644075	0.181527	0.000187
429	Processed_l20160908-032826-V0645_Cen-I.fit	2457639.644422	0.178214	0.000183
430	Processed_l20160908-032856-V0645_Cen-I.fit	2457639.644769	0.180412	0.000191
431	Processed_l20160908-032926-V0645_Cen-I.fit	2457639.645116	0.173334	0.000187
432	Processed_l20160908-032957-V0645_Cen-I.fit	2457639.645475	0.177252	0.000186
433	Processed_l20160908-033028-V0645_Cen-I.fit	2457639.645834	0.183840	0.000190
434	Processed_l20160908-033059-V0645_Cen-I.fit	2457639.646204	0.178726	0.000187
435	Processed_l20160908-033130-V0645_Cen-I.fit	2457639.646551	0.182347	0.000187
436	Processed_l20160908-033202-V0645_Cen-I.fit	2457639.646922	0.182912	0.000192
437	Processed_l20160908-033234-V0645_Cen-I.fit	2457639.647292	0.183285	0.000186
438	Processed_l20160908-033305-V0645_Cen-I.fit	2457639.647651	0.182040	0.000182
439	Processed_l20160908-033336-V0645_Cen-I.fit	2457639.648010	0.174742	0.000179
440	Processed_l20160908-033407-V0645_Cen-I.fit	2457639.648368	0.182384	0.000189
441	Processed_l20160908-033437-V0645_Cen-I.fit	2457639.648716	0.186988	0.000189
442	Processed_l20160908-033507-V0645_Cen-I.fit	2457639.649063	0.183222	0.000182
443	Processed_l20160908-033538-V0645_Cen-I.fit	2457639.649422	0.184154	0.000182
444	Processed_l20160908-033607-V0645_Cen-I.fit	2457639.649757	0.186413	0.000184
445	Processed_l20160908-033638-V0645_Cen-I.fit	2457639.650116	0.182818	0.000181
446	Processed_l20160908-033709-V0645_Cen-I.fit	2457639.650475	0.180594	0.000180
447	Processed_l20160908-033740-V0645_Cen-I.fit	2457639.650834	0.182287	0.000185
448	Processed_l20160908-033812-V0645_Cen-I.fit	2457639.651204	0.175206	0.000183
449	Processed_l20160908-033848-V0645_Cen-I.fit	2457639.651621	0.181482	0.000181
450	Processed_l20160908-033918-V0645_Cen-I.fit	2457639.651968	0.180476	0.000182
