#	Label	BJD_TDB	rel_flux_T1	rel_flux_err_T1
1	Processed_l20160903-232200-V0645_Cen-I.fit	2457635.473569	0.182247	0.000161
2	Processed_l20160903-232232-V0645_Cen-I.fit	2457635.473940	0.182483	0.000155
3	Processed_l20160903-232342-V0645_Cen-I.fit	2457635.474750	0.181267	0.000153
4	Processed_l20160903-232504-V0645_Cen-I.fit	2457635.475699	0.181609	0.000153
5	Processed_l20160903-232539-V0645_Cen-I.fit	2457635.476104	0.181291	0.000153
6	Processed_l20160903-232612-V0645_Cen-I.fit	2457635.476497	0.181337	0.000155
7	Processed_l20160903-232646-V0645_Cen-I.fit	2457635.476879	0.183117	0.000157
8	Processed_l20160903-232719-V0645_Cen-I.fit	2457635.477273	0.182222	0.000154
9	Processed_l20160903-232753-V0645_Cen-I.fit	2457635.477655	0.181388	0.000153
10	Processed_l20160903-232826-V0645_Cen-I.fit	2457635.478036	0.180991	0.000152
11	Processed_l20160903-232900-V0645_Cen-I.fit	2457635.478430	0.180119	0.000162
12	Processed_l20160903-232933-V0645_Cen-I.fit	2457635.478812	0.181553	0.000151
13	Processed_l20160903-233748-V0645_Cen-I.fit	2457635.484737	0.181817	0.000148
14	Processed_l20160903-233839-V0645_Cen-I.fit	2457635.485131	0.183596	0.000157
15	Processed_l20160903-233912-V0645_Cen-I.fit	2457635.485513	0.182484	0.000153
16	Processed_l20160903-233945-V0645_Cen-I.fit	2457635.485895	0.181541	0.000156
17	Processed_l20160903-234019-V0645_Cen-I.fit	2457635.486288	0.182172	0.000153
18	Processed_l20160903-234052-V0645_Cen-I.fit	2457635.486670	0.182298	0.000151
19	Processed_l20160903-234124-V0645_Cen-I.fit	2457635.487052	0.182318	0.000154
20	Processed_l20160903-234158-V0645_Cen-I.fit	2457635.487434	0.182558	0.000152
21	Processed_l20160903-234230-V0645_Cen-I.fit	2457635.487804	0.181379	0.000155
22	Processed_l20160903-234303-V0645_Cen-I.fit	2457635.488186	0.180934	0.000151
23	Processed_l20160903-234336-V0645_Cen-I.fit	2457635.488568	0.180626	0.000152
24	Processed_l20160903-234409-V0645_Cen-I.fit	2457635.488950	0.180670	0.000151
25	Processed_l20160903-234441-V0645_Cen-I.fit	2457635.489320	0.181459	0.000160
26	Processed_l20160903-234514-V0645_Cen-I.fit	2457635.489702	0.181696	0.000151
27	Processed_l20160903-234547-V0645_Cen-I.fit	2457635.490084	0.181816	0.000151
28	Processed_l20160903-234620-V0645_Cen-I.fit	2457635.490466	0.181179	0.000156
29	Processed_l20160903-234653-V0645_Cen-I.fit	2457635.490848	0.181895	0.000156
30	Processed_l20160903-234725-V0645_Cen-I.fit	2457635.491218	0.181949	0.000156
31	Processed_l20160903-234758-V0645_Cen-I.fit	2457635.491600	0.181168	0.000153
32	Processed_l20160903-234831-V0645_Cen-I.fit	2457635.491982	0.181906	0.000151
33	Processed_l20160903-234903-V0645_Cen-I.fit	2457635.492364	0.181202	0.000151
34	Processed_l20160903-234936-V0645_Cen-I.fit	2457635.492735	0.180945	0.000155
35	Processed_l20160903-235009-V0645_Cen-I.fit	2457635.493116	0.181076	0.000149
36	Processed_l20160903-235041-V0645_Cen-I.fit	2457635.493498	0.181794	0.000152
37	Processed_l20160903-235115-V0645_Cen-I.fit	2457635.493880	0.180451	0.000151
38	Processed_l20160903-235148-V0645_Cen-I.fit	2457635.494262	0.181666	0.000150
39	Processed_l20160903-235220-V0645_Cen-I.fit	2457635.494633	0.182180	0.000149
40	Processed_l20160903-235253-V0645_Cen-I.fit	2457635.495014	0.181005	0.000149
41	Processed_l20160903-235326-V0645_Cen-I.fit	2457635.495396	0.182365	0.000151
42	Processed_l20160903-235406-V0645_Cen-I.fit	2457635.495859	0.180187	0.000165
43	Processed_l20160903-235439-V0645_Cen-I.fit	2457635.496241	0.180565	0.000150
44	Processed_l20160903-235511-V0645_Cen-I.fit	2457635.496612	0.181656	0.000149
45	Processed_l20160903-235544-V0645_Cen-I.fit	2457635.496994	0.181349	0.000152
46	Processed_l20160903-235617-V0645_Cen-I.fit	2457635.497375	0.182610	0.000150
47	Processed_l20160903-235649-V0645_Cen-I.fit	2457635.497757	0.180821	0.000150
48	Processed_l20160903-235722-V0645_Cen-I.fit	2457635.498128	0.182125	0.000153
49	Processed_l20160903-235755-V0645_Cen-I.fit	2457635.498510	0.182844	0.000155
50	Processed_l20160903-235828-V0645_Cen-I.fit	2457635.498892	0.181658	0.000151
51	Processed_l20160903-235901-V0645_Cen-I.fit	2457635.499273	0.182863	0.000152
52	Processed_l20160903-235933-V0645_Cen-I.fit	2457635.499644	0.182616	0.000149
53	Processed_l20160904-000006-V0645_Cen-I.fit	2457635.500026	0.181749	0.000150
54	Processed_l20160904-000038-V0645_Cen-I.fit	2457635.500396	0.182042	0.000150
55	Processed_l20160904-000111-V0645_Cen-I.fit	2457635.500778	0.180267	0.000156
56	Processed_l20160904-000144-V0645_Cen-I.fit	2457635.501160	0.183364	0.000163
57	Processed_l20160904-000216-V0645_Cen-I.fit	2457635.501530	0.181525	0.000175
58	Processed_l20160904-000249-V0645_Cen-I.fit	2457635.501912	0.181094	0.000151
59	Processed_l20160904-000325-V0645_Cen-I.fit	2457635.502329	0.182195	0.000151
60	Processed_l20160904-000358-V0645_Cen-I.fit	2457635.502711	0.181211	0.000153
61	Processed_l20160904-000431-V0645_Cen-I.fit	2457635.503093	0.181775	0.000154
62	Processed_l20160904-000503-V0645_Cen-I.fit	2457635.503463	0.184105	0.000186
63	Processed_l20160904-000535-V0645_Cen-I.fit	2457635.503845	0.182948	0.000152
64	Processed_l20160904-000608-V0645_Cen-I.fit	2457635.504215	0.182880	0.000162
65	Processed_l20160904-000641-V0645_Cen-I.fit	2457635.504597	0.183166	0.000153
66	Processed_l20160904-000714-V0645_Cen-I.fit	2457635.504979	0.180279	0.000170
67	Processed_l20160904-000747-V0645_Cen-I.fit	2457635.505361	0.181843	0.000159
68	Processed_l20160904-000820-V0645_Cen-I.fit	2457635.505743	0.180978	0.000161
69	Processed_l20160904-000853-V0645_Cen-I.fit	2457635.506125	0.182515	0.000159
70	Processed_l20160904-000925-V0645_Cen-I.fit	2457635.506507	0.182722	0.000154
71	Processed_l20160904-000959-V0645_Cen-I.fit	2457635.506889	0.183158	0.000163
72	Processed_l20160904-001031-V0645_Cen-I.fit	2457635.507259	0.184354	0.000153
73	Processed_l20160904-001104-V0645_Cen-I.fit	2457635.507641	0.182721	0.000151
74	Processed_l20160904-001136-V0645_Cen-I.fit	2457635.508011	0.183153	0.000151
75	Processed_l20160904-001209-V0645_Cen-I.fit	2457635.508393	0.180662	0.000152
76	Processed_l20160904-001242-V0645_Cen-I.fit	2457635.508775	0.182365	0.000153
77	Processed_l20160904-001315-V0645_Cen-I.fit	2457635.509157	0.184048	0.000152
78	Processed_l20160904-001347-V0645_Cen-I.fit	2457635.509527	0.182423	0.000151
79	Processed_l20160904-001420-V0645_Cen-I.fit	2457635.509909	0.181180	0.000152
80	Processed_l20160904-001453-V0645_Cen-I.fit	2457635.510291	0.181461	0.000155
81	Processed_l20160904-001525-V0645_Cen-I.fit	2457635.510662	0.181651	0.000156
82	Processed_l20160904-001558-V0645_Cen-I.fit	2457635.511043	0.183332	0.000157
83	Processed_l20160904-001631-V0645_Cen-I.fit	2457635.511425	0.182805	0.000179
84	Processed_l20160904-001704-V0645_Cen-I.fit	2457635.511807	0.181626	0.000169
85	Processed_l20160904-001736-V0645_Cen-I.fit	2457635.512178	0.180881	0.000156
86	Processed_l20160904-001809-V0645_Cen-I.fit	2457635.512560	0.183652	0.000169
87	Processed_l20160904-001842-V0645_Cen-I.fit	2457635.512942	0.182914	0.000159
88	Processed_l20160904-001915-V0645_Cen-I.fit	2457635.513323	0.181969	0.000164
89	Processed_l20160904-001947-V0645_Cen-I.fit	2457635.513694	0.182163	0.000167
90	Processed_l20160904-002020-V0645_Cen-I.fit	2457635.514076	0.182589	0.000159
91	Processed_l20160904-002053-V0645_Cen-I.fit	2457635.514458	0.181921	0.000163
92	Processed_l20160904-002125-V0645_Cen-I.fit	2457635.514828	0.182489	0.000162
93	Processed_l20160904-002158-V0645_Cen-I.fit	2457635.515210	0.182943	0.000169
94	Processed_l20160904-002231-V0645_Cen-I.fit	2457635.515592	0.181804	0.000157
95	Processed_l20160904-002303-V0645_Cen-I.fit	2457635.515962	0.180407	0.000172
96	Processed_l20160904-002336-V0645_Cen-I.fit	2457635.516344	0.183164	0.000157
97	Processed_l20160904-002409-V0645_Cen-I.fit	2457635.516726	0.182029	0.000173
98	Processed_l20160904-002442-V0645_Cen-I.fit	2457635.517108	0.181988	0.000163
99	Processed_l20160904-002514-V0645_Cen-I.fit	2457635.517478	0.181621	0.000155
100	Processed_l20160904-002547-V0645_Cen-I.fit	2457635.517860	0.181381	0.000160
101	Processed_l20160904-002620-V0645_Cen-I.fit	2457635.518242	0.180840	0.000150
102	Processed_l20160904-002659-V0645_Cen-I.fit	2457635.518693	0.181216	0.000153
103	Processed_l20160904-002732-V0645_Cen-I.fit	2457635.519075	0.181181	0.000189
104	Processed_l20160904-002804-V0645_Cen-I.fit	2457635.519446	0.181536	0.000162
105	Processed_l20160904-002836-V0645_Cen-I.fit	2457635.519816	0.181836	0.000170
106	Processed_l20160904-002908-V0645_Cen-I.fit	2457635.520186	0.182901	0.000184
107	Processed_l20160904-002940-V0645_Cen-I.fit	2457635.520557	0.182361	0.000171
108	Processed_l20160904-003013-V0645_Cen-I.fit	2457635.520939	0.182805	0.000173
109	Processed_l20160904-003046-V0645_Cen-I.fit	2457635.521321	0.180033	0.000160
110	Processed_l20160904-003118-V0645_Cen-I.fit	2457635.521691	0.183010	0.000171
111	Processed_l20160904-003151-V0645_Cen-I.fit	2457635.522073	0.182366	0.000171
112	Processed_l20160904-003224-V0645_Cen-I.fit	2457635.522455	0.180929	0.000176
113	Processed_l20160904-003256-V0645_Cen-I.fit	2457635.522825	0.182086	0.000170
114	Processed_l20160904-003329-V0645_Cen-I.fit	2457635.523207	0.183157	0.000159
115	Processed_l20160904-003402-V0645_Cen-I.fit	2457635.523589	0.181282	0.000177
116	Processed_l20160904-003434-V0645_Cen-I.fit	2457635.523959	0.182509	0.000152
117	Processed_l20160904-003507-V0645_Cen-I.fit	2457635.524341	0.183111	0.000170
118	Processed_l20160904-003540-V0645_Cen-I.fit	2457635.524723	0.180974	0.000167
119	Processed_l20160904-003612-V0645_Cen-I.fit	2457635.525105	0.181650	0.000152
120	Processed_l20160904-003645-V0645_Cen-I.fit	2457635.525487	0.182885	0.000172
121	Processed_l20160904-003717-V0645_Cen-I.fit	2457635.525857	0.181954	0.000160
122	Processed_l20160904-003750-V0645_Cen-I.fit	2457635.526228	0.182245	0.000153
123	Processed_l20160904-003823-V0645_Cen-I.fit	2457635.526610	0.185049	0.000163
124	Processed_l20160904-003856-V0645_Cen-I.fit	2457635.526991	0.182165	0.000154
125	Processed_l20160904-003929-V0645_Cen-I.fit	2457635.527373	0.183161	0.000158
126	Processed_l20160904-004001-V0645_Cen-I.fit	2457635.527755	0.182661	0.000159
127	Processed_l20160904-004034-V0645_Cen-I.fit	2457635.528126	0.183005	0.000154
128	Processed_l20160904-004107-V0645_Cen-I.fit	2457635.528508	0.182286	0.000155
129	Processed_l20160904-004140-V0645_Cen-I.fit	2457635.528889	0.182496	0.000150
130	Processed_l20160904-004212-V0645_Cen-I.fit	2457635.529260	0.181353	0.000152
131	Processed_l20160904-004245-V0645_Cen-I.fit	2457635.529642	0.183094	0.000162
132	Processed_l20160904-004317-V0645_Cen-I.fit	2457635.530012	0.182904	0.000150
133	Processed_l20160904-004349-V0645_Cen-I.fit	2457635.530382	0.182373	0.000157
134	Processed_l20160904-004422-V0645_Cen-I.fit	2457635.530764	0.182928	0.000152
135	Processed_l20160904-004454-V0645_Cen-I.fit	2457635.531135	0.182164	0.000152
136	Processed_l20160904-004527-V0645_Cen-I.fit	2457635.531517	0.183454	0.000166
137	Processed_l20160904-004559-V0645_Cen-I.fit	2457635.531887	0.183023	0.000161
138	Processed_l20160904-004632-V0645_Cen-I.fit	2457635.532269	0.182839	0.000160
139	Processed_l20160904-004704-V0645_Cen-I.fit	2457635.532639	0.182751	0.000154
140	Processed_l20160904-004737-V0645_Cen-I.fit	2457635.533021	0.185469	0.000171
141	Processed_l20160904-004810-V0645_Cen-I.fit	2457635.533403	0.183078	0.000157
142	Processed_l20160904-004843-V0645_Cen-I.fit	2457635.533785	0.183375	0.000157
143	Processed_l20160904-004916-V0645_Cen-I.fit	2457635.534167	0.181855	0.000164
144	Processed_l20160904-004949-V0645_Cen-I.fit	2457635.534549	0.180734	0.000169
145	Processed_l20160904-005021-V0645_Cen-I.fit	2457635.534919	0.183946	0.000159
146	Processed_l20160904-005054-V0645_Cen-I.fit	2457635.535301	0.182973	0.000161
147	Processed_l20160904-005137-V0645_Cen-I.fit	2457635.535799	0.183582	0.000198
148	Processed_l20160904-005308-V0645_Cen-I.fit	2457635.536852	0.186112	0.000214
149	Processed_l20160904-005338-V0645_Cen-I.fit	2457635.537199	0.184422	0.000186
150	Processed_l20160904-005408-V0645_Cen-I.fit	2457635.537546	0.183867	0.000180
151	Processed_l20160904-005438-V0645_Cen-I.fit	2457635.537894	0.182796	0.000185
152	Processed_l20160904-005512-V0645_Cen-I.fit	2457635.538287	0.185570	0.000211
153	Processed_l20160904-005542-V0645_Cen-I.fit	2457635.538634	0.182278	0.000183
154	Processed_l20160904-005612-V0645_Cen-I.fit	2457635.538981	0.182910	0.000182
155	Processed_l20160904-005641-V0645_Cen-I.fit	2457635.539329	0.183404	0.000183
156	Processed_l20160904-005711-V0645_Cen-I.fit	2457635.539664	0.183282	0.000171
157	Processed_l20160904-005741-V0645_Cen-I.fit	2457635.540011	0.182903	0.000180
158	Processed_l20160904-005810-V0645_Cen-I.fit	2457635.540347	0.183542	0.000182
159	Processed_l20160904-005840-V0645_Cen-I.fit	2457635.540694	0.182081	0.000153
160	Processed_l20160904-005909-V0645_Cen-I.fit	2457635.541030	0.182392	0.000156
161	Processed_l20160904-005939-V0645_Cen-I.fit	2457635.541377	0.183470	0.000163
162	Processed_l20160904-010009-V0645_Cen-I.fit	2457635.541724	0.182625	0.000151
163	Processed_l20160904-010038-V0645_Cen-I.fit	2457635.542060	0.183854	0.000154
164	Processed_l20160904-010108-V0645_Cen-I.fit	2457635.542407	0.184473	0.000163
165	Processed_l20160904-010138-V0645_Cen-I.fit	2457635.542754	0.182519	0.000152
