#	Label	BJD_TDB	rel_flux_T1	rel_flux_err_T1
1	Processed_l20160820-233555-V0645_Cen-I.fit	2457621.484214	0.185863	0.000155
2	Processed_l20160820-233728-V0645_Cen-I.fit	2457621.485279	0.185941	0.000157
3	Processed_l20160820-233756-V0645_Cen-I.fit	2457621.485603	0.185952	0.000157
4	Processed_l20160820-233824-V0645_Cen-I.fit	2457621.485927	0.182112	0.000155
5	Processed_l20160820-233853-V0645_Cen-I.fit	2457621.486262	0.186460	0.000156
6	Processed_l20160820-233921-V0645_Cen-I.fit	2457621.486586	0.182245	0.000153
7	Processed_l20160820-233950-V0645_Cen-I.fit	2457621.486922	0.180083	0.000152
8	Processed_l20160820-234019-V0645_Cen-I.fit	2457621.487258	0.179661	0.000151
9	Processed_l20160820-234048-V0645_Cen-I.fit	2457621.487593	0.186846	0.000153
10	Processed_l20160820-234116-V0645_Cen-I.fit	2457621.487917	0.180888	0.000151
11	Processed_l20160820-234145-V0645_Cen-I.fit	2457621.488253	0.181370	0.000152
12	Processed_l20160820-234214-V0645_Cen-I.fit	2457621.488589	0.183098	0.000151
13	Processed_l20160820-234243-V0645_Cen-I.fit	2457621.488924	0.183367	0.000152
14	Processed_l20160820-234311-V0645_Cen-I.fit	2457621.489260	0.183977	0.000152
15	Processed_l20160820-234340-V0645_Cen-I.fit	2457621.489584	0.186997	0.000156
16	Processed_l20160820-234408-V0645_Cen-I.fit	2457621.489908	0.184030	0.000153
17	Processed_l20160820-234437-V0645_Cen-I.fit	2457621.490244	0.184632	0.000154
18	Processed_l20160820-234506-V0645_Cen-I.fit	2457621.490579	0.184189	0.000153
19	Processed_l20160820-234535-V0645_Cen-I.fit	2457621.490915	0.183489	0.000152
20	Processed_l20160820-234604-V0645_Cen-I.fit	2457621.491250	0.180910	0.000152
21	Processed_l20160820-234633-V0645_Cen-I.fit	2457621.491586	0.183134	0.000153
22	Processed_l20160820-234701-V0645_Cen-I.fit	2457621.491910	0.180855	0.000152
23	Processed_l20160820-234730-V0645_Cen-I.fit	2457621.492246	0.178979	0.000153
24	Processed_l20160820-234759-V0645_Cen-I.fit	2457621.492581	0.186256	0.000156
25	Processed_l20160820-234827-V0645_Cen-I.fit	2457621.492905	0.180265	0.000152
26	Processed_l20160820-234856-V0645_Cen-I.fit	2457621.493241	0.184038	0.000155
27	Processed_l20160820-234924-V0645_Cen-I.fit	2457621.493565	0.184654	0.000155
28	Processed_l20160820-234953-V0645_Cen-I.fit	2457621.493901	0.184678	0.000155
29	Processed_l20160820-235022-V0645_Cen-I.fit	2457621.494236	0.183342	0.000155
30	Processed_l20160820-235051-V0645_Cen-I.fit	2457621.494572	0.183332	0.000155
31	Processed_l20160820-235120-V0645_Cen-I.fit	2457621.494908	0.183051	0.000153
32	Processed_l20160820-235149-V0645_Cen-I.fit	2457621.495243	0.188334	0.000156
33	Processed_l20160820-235217-V0645_Cen-I.fit	2457621.495567	0.187055	0.000155
34	Processed_l20160820-235246-V0645_Cen-I.fit	2457621.495903	0.187012	0.000155
35	Processed_l20160820-235315-V0645_Cen-I.fit	2457621.496239	0.181004	0.000152
36	Processed_l20160820-235343-V0645_Cen-I.fit	2457621.496563	0.177578	0.000150
37	Processed_l20160820-235412-V0645_Cen-I.fit	2457621.496898	0.182021	0.000153
38	Processed_l20160820-235441-V0645_Cen-I.fit	2457621.497234	0.182637	0.000153
39	Processed_l20160820-235509-V0645_Cen-I.fit	2457621.497558	0.180419	0.000152
40	Processed_l20160820-235538-V0645_Cen-I.fit	2457621.497894	0.184757	0.000154
41	Processed_l20160820-235607-V0645_Cen-I.fit	2457621.498229	0.183634	0.000153
42	Processed_l20160820-235636-V0645_Cen-I.fit	2457621.498565	0.186844	0.000154
43	Processed_l20160820-235704-V0645_Cen-I.fit	2457621.498900	0.183125	0.000151
44	Processed_l20160820-235734-V0645_Cen-I.fit	2457621.499236	0.180947	0.000151
45	Processed_l20160820-235802-V0645_Cen-I.fit	2457621.499560	0.179979	0.000149
46	Processed_l20160820-235830-V0645_Cen-I.fit	2457621.499896	0.184206	0.000153
47	Processed_l20160820-235900-V0645_Cen-I.fit	2457621.500231	0.180469	0.000152
48	Processed_l20160820-235929-V0645_Cen-I.fit	2457621.500567	0.185222	0.000154
49	Processed_l20160820-235958-V0645_Cen-I.fit	2457621.500903	0.185100	0.000153
50	Processed_l20160821-000027-V0645_Cen-I.fit	2457621.501238	0.185899	0.000155
51	Processed_l20160821-000056-V0645_Cen-I.fit	2457621.501574	0.186052	0.000155
52	Processed_l20160821-000125-V0645_Cen-I.fit	2457621.501909	0.180933	0.000152
53	Processed_l20160821-000154-V0645_Cen-I.fit	2457621.502245	0.182721	0.000155
54	Processed_l20160821-000223-V0645_Cen-I.fit	2457621.502581	0.181604	0.000152
55	Processed_l20160821-000251-V0645_Cen-I.fit	2457621.502905	0.184578	0.000153
56	Processed_l20160821-000320-V0645_Cen-I.fit	2457621.503240	0.184937	0.000153
57	Processed_l20160821-000348-V0645_Cen-I.fit	2457621.503564	0.187240	0.000157
58	Processed_l20160821-000417-V0645_Cen-I.fit	2457621.503900	0.180666	0.000153
59	Processed_l20160821-000447-V0645_Cen-I.fit	2457621.504247	0.179249	0.000152
60	Processed_l20160821-000516-V0645_Cen-I.fit	2457621.504583	0.186085	0.000155
61	Processed_l20160821-000544-V0645_Cen-I.fit	2457621.504907	0.184078	0.000154
62	Processed_l20160821-000613-V0645_Cen-I.fit	2457621.505243	0.181992	0.000154
63	Processed_l20160821-000642-V0645_Cen-I.fit	2457621.505578	0.182464	0.000153
64	Processed_l20160821-000711-V0645_Cen-I.fit	2457621.505914	0.183356	0.000154
65	Processed_l20160821-000740-V0645_Cen-I.fit	2457621.506249	0.183563	0.000153
66	Processed_l20160821-000809-V0645_Cen-I.fit	2457621.506585	0.182697	0.000154
67	Processed_l20160821-000838-V0645_Cen-I.fit	2457621.506921	0.181763	0.000152
68	Processed_l20160821-000907-V0645_Cen-I.fit	2457621.507256	0.182119	0.000153
69	Processed_l20160821-000936-V0645_Cen-I.fit	2457621.507592	0.183327	0.000153
70	Processed_l20160821-001005-V0645_Cen-I.fit	2457621.507928	0.185832	0.000154
71	Processed_l20160821-001035-V0645_Cen-I.fit	2457621.508275	0.185657	0.000154
72	Processed_l20160821-001103-V0645_Cen-I.fit	2457621.508599	0.184292	0.000153
73	Processed_l20160821-001132-V0645_Cen-I.fit	2457621.508934	0.182887	0.000153
74	Processed_l20160821-001201-V0645_Cen-I.fit	2457621.509270	0.185126	0.000152
75	Processed_l20160821-001229-V0645_Cen-I.fit	2457621.509594	0.182529	0.000152
76	Processed_l20160821-001258-V0645_Cen-I.fit	2457621.509941	0.179584	0.000150
77	Processed_l20160821-001327-V0645_Cen-I.fit	2457621.510277	0.184642	0.000152
78	Processed_l20160821-001356-V0645_Cen-I.fit	2457621.510601	0.182216	0.000152
79	Processed_l20160821-001424-V0645_Cen-I.fit	2457621.510925	0.183253	0.000154
80	Processed_l20160821-001453-V0645_Cen-I.fit	2457621.511261	0.181764	0.000152
81	Processed_l20160821-001521-V0645_Cen-I.fit	2457621.511596	0.181474	0.000153
82	Processed_l20160821-001551-V0645_Cen-I.fit	2457621.511932	0.179818	0.000150
83	Processed_l20160821-001619-V0645_Cen-I.fit	2457621.512256	0.181160	0.000151
84	Processed_l20160821-001648-V0645_Cen-I.fit	2457621.512592	0.184397	0.000154
85	Processed_l20160821-001717-V0645_Cen-I.fit	2457621.512927	0.185130	0.000154
86	Processed_l20160821-001746-V0645_Cen-I.fit	2457621.513263	0.182781	0.000152
87	Processed_l20160821-001815-V0645_Cen-I.fit	2457621.513598	0.187339	0.000153
88	Processed_l20160821-001844-V0645_Cen-I.fit	2457621.513934	0.182236	0.000151
89	Processed_l20160821-001913-V0645_Cen-I.fit	2457621.514270	0.180259	0.000150
90	Processed_l20160821-001942-V0645_Cen-I.fit	2457621.514605	0.184018	0.000153
91	Processed_l20160821-002010-V0645_Cen-I.fit	2457621.514929	0.185586	0.000154
92	Processed_l20160821-002039-V0645_Cen-I.fit	2457621.515265	0.187140	0.000154
93	Processed_l20160821-002108-V0645_Cen-I.fit	2457621.515601	0.182294	0.000151
94	Processed_l20160821-002137-V0645_Cen-I.fit	2457621.515936	0.186178	0.000154
95	Processed_l20160821-002206-V0645_Cen-I.fit	2457621.516272	0.185352	0.000152
96	Processed_l20160821-002235-V0645_Cen-I.fit	2457621.516607	0.185664	0.000152
97	Processed_l20160821-002305-V0645_Cen-I.fit	2457621.516955	0.181992	0.000151
98	Processed_l20160821-002333-V0645_Cen-I.fit	2457621.517279	0.179741	0.000150
99	Processed_l20160821-002402-V0645_Cen-I.fit	2457621.517614	0.182349	0.000150
100	Processed_l20160821-002429-V0645_Cen-I.fit	2457621.517927	0.186012	0.000152
101	Processed_l20160821-002457-V0645_Cen-I.fit	2457621.518251	0.182251	0.000151
102	Processed_l20160821-002525-V0645_Cen-I.fit	2457621.518575	0.187014	0.000155
103	Processed_l20160821-002552-V0645_Cen-I.fit	2457621.518887	0.181141	0.000151
104	Processed_l20160821-002620-V0645_Cen-I.fit	2457621.519211	0.184932	0.000153
105	Processed_l20160821-002647-V0645_Cen-I.fit	2457621.519524	0.179788	0.000151
106	Processed_l20160821-002715-V0645_Cen-I.fit	2457621.519848	0.182221	0.000152
107	Processed_l20160821-002742-V0645_Cen-I.fit	2457621.520160	0.181588	0.000152
108	Processed_l20160821-002810-V0645_Cen-I.fit	2457621.520485	0.183075	0.000153
109	Processed_l20160821-002837-V0645_Cen-I.fit	2457621.520797	0.186305	0.000154
110	Processed_l20160821-002905-V0645_Cen-I.fit	2457621.521121	0.185862	0.000153
111	Processed_l20160821-002932-V0645_Cen-I.fit	2457621.521434	0.183928	0.000152
112	Processed_l20160821-003000-V0645_Cen-I.fit	2457621.521758	0.184652	0.000153
113	Processed_l20160821-003027-V0645_Cen-I.fit	2457621.522070	0.182385	0.000153
114	Processed_l20160821-003055-V0645_Cen-I.fit	2457621.522394	0.181127	0.000153
115	Processed_l20160821-003122-V0645_Cen-I.fit	2457621.522707	0.183299	0.000154
116	Processed_l20160821-003150-V0645_Cen-I.fit	2457621.523031	0.184321	0.000153
117	Processed_l20160821-003217-V0645_Cen-I.fit	2457621.523343	0.183864	0.000151
118	Processed_l20160821-003244-V0645_Cen-I.fit	2457621.523667	0.184356	0.000152
119	Processed_l20160821-003312-V0645_Cen-I.fit	2457621.523980	0.181871	0.000150
120	Processed_l20160821-003339-V0645_Cen-I.fit	2457621.524304	0.180923	0.000151
121	Processed_l20160821-003407-V0645_Cen-I.fit	2457621.524616	0.181004	0.000151
122	Processed_l20160821-003434-V0645_Cen-I.fit	2457621.524929	0.187425	0.000154
123	Processed_l20160821-003502-V0645_Cen-I.fit	2457621.525253	0.181940	0.000150
124	Processed_l20160821-003529-V0645_Cen-I.fit	2457621.525565	0.192272	0.000156
125	Processed_l20160821-003557-V0645_Cen-I.fit	2457621.525889	0.185903	0.000154
126	Processed_l20160821-003624-V0645_Cen-I.fit	2457621.526202	0.188475	0.000155
127	Processed_l20160821-003652-V0645_Cen-I.fit	2457621.526526	0.184559	0.000153
128	Processed_l20160821-003719-V0645_Cen-I.fit	2457621.526838	0.183861	0.000152
129	Processed_l20160821-003747-V0645_Cen-I.fit	2457621.527162	0.184686	0.000153
130	Processed_l20160821-003814-V0645_Cen-I.fit	2457621.527486	0.184740	0.000152
131	Processed_l20160821-003842-V0645_Cen-I.fit	2457621.527799	0.183163	0.000152
132	Processed_l20160821-003910-V0645_Cen-I.fit	2457621.528123	0.184526	0.000152
133	Processed_l20160821-003937-V0645_Cen-I.fit	2457621.528435	0.180852	0.000151
134	Processed_l20160821-004005-V0645_Cen-I.fit	2457621.528759	0.185372	0.000153
135	Processed_l20160821-004033-V0645_Cen-I.fit	2457621.529083	0.184912	0.000153
136	Processed_l20160821-004100-V0645_Cen-I.fit	2457621.529396	0.184111	0.000153
137	Processed_l20160821-004127-V0645_Cen-I.fit	2457621.529708	0.183404	0.000154
138	Processed_l20160821-004155-V0645_Cen-I.fit	2457621.530032	0.182617	0.000154
139	Processed_l20160821-004222-V0645_Cen-I.fit	2457621.530345	0.184849	0.000157
140	Processed_l20160821-004250-V0645_Cen-I.fit	2457621.530669	0.179025	0.000156
141	Processed_l20160821-004317-V0645_Cen-I.fit	2457621.530981	0.184474	0.000157
142	Processed_l20160821-004345-V0645_Cen-I.fit	2457621.531306	0.183561	0.000156
143	Processed_l20160821-004413-V0645_Cen-I.fit	2457621.531630	0.183125	0.000158
144	Processed_l20160821-004440-V0645_Cen-I.fit	2457621.531942	0.184197	0.000160
145	Processed_l20160821-004508-V0645_Cen-I.fit	2457621.532266	0.180458	0.000164
146	Processed_l20160821-004535-V0645_Cen-I.fit	2457621.532579	0.186113	0.000169
147	Processed_l20160821-004603-V0645_Cen-I.fit	2457621.532903	0.181837	0.000167
148	Processed_l20160821-004630-V0645_Cen-I.fit	2457621.533215	0.186974	0.000169
149	Processed_l20160821-004658-V0645_Cen-I.fit	2457621.533539	0.187812	0.000176
150	Processed_l20160821-004725-V0645_Cen-I.fit	2457621.533852	0.189450	0.000187
151	Processed_l20160821-004758-V0645_Cen-I.fit	2457621.534234	0.187544	0.000203
152	Processed_l20160821-004826-V0645_Cen-I.fit	2457621.534558	0.186901	0.000229
153	Processed_l20160821-004853-V0645_Cen-I.fit	2457621.534870	0.179461	0.000256
154	Processed_l20160821-004920-V0645_Cen-I.fit	2457621.535194	0.176393	0.000256
155	Processed_l20160821-004948-V0645_Cen-I.fit	2457621.535507	0.178350	0.000293
156	Processed_l20160821-005016-V0645_Cen-I.fit	2457621.535831	0.182889	0.000320
157	Processed_l20160821-005043-V0645_Cen-I.fit	2457621.536143	0.180201	0.000308
158	Processed_l20160821-005111-V0645_Cen-I.fit	2457621.536467	0.183663	0.000245
159	Processed_l20160821-005138-V0645_Cen-I.fit	2457621.536780	0.186894	0.000207
160	Processed_l20160821-005206-V0645_Cen-I.fit	2457621.537104	0.182979	0.000180
161	Processed_l20160821-005234-V0645_Cen-I.fit	2457621.537428	0.185193	0.000165
162	Processed_l20160821-005301-V0645_Cen-I.fit	2457621.537740	0.184555	0.000161
163	Processed_l20160821-005329-V0645_Cen-I.fit	2457621.538064	0.186655	0.000173
164	Processed_l20160821-005356-V0645_Cen-I.fit	2457621.538377	0.184217	0.000163
165	Processed_l20160821-005424-V0645_Cen-I.fit	2457621.538701	0.184901	0.000163
166	Processed_l20160821-005451-V0645_Cen-I.fit	2457621.539013	0.182511	0.000161
167	Processed_l20160821-005519-V0645_Cen-I.fit	2457621.539337	0.184065	0.000164
168	Processed_l20160821-005546-V0645_Cen-I.fit	2457621.539650	0.186875	0.000168
169	Processed_l20160821-005614-V0645_Cen-I.fit	2457621.539974	0.185001	0.000175
170	Processed_l20160821-005641-V0645_Cen-I.fit	2457621.540286	0.186997	0.000192
171	Processed_l20160821-005709-V0645_Cen-I.fit	2457621.540610	0.186359	0.000195
172	Processed_l20160821-005736-V0645_Cen-I.fit	2457621.540923	0.186304	0.000200
173	Processed_l20160821-005804-V0645_Cen-I.fit	2457621.541247	0.185570	0.000210
174	Processed_l20160821-005831-V0645_Cen-I.fit	2457621.541559	0.183713	0.000220
175	Processed_l20160821-005859-V0645_Cen-I.fit	2457621.541884	0.185131	0.000225
176	Processed_l20160821-005926-V0645_Cen-I.fit	2457621.542208	0.182661	0.000225
177	Processed_l20160821-005954-V0645_Cen-I.fit	2457621.542520	0.186271	0.000218
178	Processed_l20160821-010022-V0645_Cen-I.fit	2457621.542844	0.184498	0.000217
179	Processed_l20160821-010049-V0645_Cen-I.fit	2457621.543157	0.183575	0.000233
180	Processed_l20160821-010117-V0645_Cen-I.fit	2457621.543481	0.185190	0.000232
181	Processed_l20160821-010144-V0645_Cen-I.fit	2457621.543793	0.184489	0.000241
182	Processed_l20160821-010212-V0645_Cen-I.fit	2457621.544117	0.184072	0.000163
183	Processed_l20160821-010239-V0645_Cen-I.fit	2457621.544430	0.182898	0.000167
184	Processed_l20160821-010307-V0645_Cen-I.fit	2457621.544754	0.185035	0.000174
185	Processed_l20160821-010334-V0645_Cen-I.fit	2457621.545066	0.184171	0.000181
186	Processed_l20160821-010402-V0645_Cen-I.fit	2457621.545390	0.183100	0.000184
187	Processed_l20160821-010429-V0645_Cen-I.fit	2457621.545703	0.185276	0.000186
188	Processed_l20160821-010457-V0645_Cen-I.fit	2457621.546027	0.185989	0.000191
189	Processed_l20160821-010524-V0645_Cen-I.fit	2457621.546339	0.181603	0.000189
190	Processed_l20160821-010552-V0645_Cen-I.fit	2457621.546663	0.186494	0.000194
191	Processed_l20160821-010619-V0645_Cen-I.fit	2457621.546976	0.182034	0.000184
192	Processed_l20160821-010647-V0645_Cen-I.fit	2457621.547300	0.182825	0.000175
193	Processed_l20160821-010714-V0645_Cen-I.fit	2457621.547612	0.186455	0.000164
194	Processed_l20160821-010742-V0645_Cen-I.fit	2457621.547936	0.189349	0.000170
195	Processed_l20160821-010809-V0645_Cen-I.fit	2457621.548249	0.186704	0.000161
196	Processed_l20160821-010837-V0645_Cen-I.fit	2457621.548573	0.184966	0.000157
197	Processed_l20160821-010904-V0645_Cen-I.fit	2457621.548885	0.183538	0.000154
198	Processed_l20160821-010932-V0645_Cen-I.fit	2457621.549209	0.185789	0.000151
199	Processed_l20160821-010959-V0645_Cen-I.fit	2457621.549533	0.184906	0.000152
200	Processed_l20160821-011027-V0645_Cen-I.fit	2457621.549846	0.184908	0.000151
201	Processed_l20160821-011054-V0645_Cen-I.fit	2457621.550170	0.184425	0.000153
202	Processed_l20160821-011122-V0645_Cen-I.fit	2457621.550482	0.184825	0.000152
203	Processed_l20160821-011150-V0645_Cen-I.fit	2457621.550807	0.187018	0.000154
204	Processed_l20160821-011217-V0645_Cen-I.fit	2457621.551119	0.185517	0.000153
205	Processed_l20160821-011245-V0645_Cen-I.fit	2457621.551443	0.186247	0.000153
206	Processed_l20160821-011312-V0645_Cen-I.fit	2457621.551756	0.185931	0.000154
207	Processed_l20160821-011340-V0645_Cen-I.fit	2457621.552080	0.184354	0.000151
208	Processed_l20160821-011407-V0645_Cen-I.fit	2457621.552392	0.184379	0.000151
209	Processed_l20160821-011435-V0645_Cen-I.fit	2457621.552716	0.187008	0.000153
210	Processed_l20160821-011502-V0645_Cen-I.fit	2457621.553029	0.188657	0.000158
211	Processed_l20160821-011530-V0645_Cen-I.fit	2457621.553353	0.186842	0.000164
212	Processed_l20160821-011557-V0645_Cen-I.fit	2457621.553665	0.186746	0.000161
213	Processed_l20160821-011625-V0645_Cen-I.fit	2457621.553989	0.186481	0.000155
214	Processed_l20160821-011652-V0645_Cen-I.fit	2457621.554302	0.184692	0.000151
215	Processed_l20160821-011720-V0645_Cen-I.fit	2457621.554626	0.185043	0.000154
216	Processed_l20160821-011747-V0645_Cen-I.fit	2457621.554938	0.186104	0.000153
217	Processed_l20160821-011815-V0645_Cen-I.fit	2457621.555262	0.186090	0.000162
218	Processed_l20160821-011842-V0645_Cen-I.fit	2457621.555575	0.185629	0.000158
219	Processed_l20160821-011910-V0645_Cen-I.fit	2457621.555899	0.187148	0.000153
220	Processed_l20160821-011937-V0645_Cen-I.fit	2457621.556211	0.184452	0.000152
221	Processed_l20160821-012005-V0645_Cen-I.fit	2457621.556535	0.183190	0.000155
222	Processed_l20160821-012032-V0645_Cen-I.fit	2457621.556848	0.186615	0.000165
223	Processed_l20160821-012100-V0645_Cen-I.fit	2457621.557172	0.186869	0.000165
224	Processed_l20160821-012128-V0645_Cen-I.fit	2457621.557496	0.182669	0.000154
225	Processed_l20160821-012155-V0645_Cen-I.fit	2457621.557808	0.185521	0.000156
226	Processed_l20160821-012223-V0645_Cen-I.fit	2457621.558132	0.185274	0.000155
227	Processed_l20160821-012250-V0645_Cen-I.fit	2457621.558445	0.185068	0.000179
228	Processed_l20160821-012318-V0645_Cen-I.fit	2457621.558769	0.182897	0.000152
229	Processed_l20160821-012345-V0645_Cen-I.fit	2457621.559093	0.183935	0.000152
230	Processed_l20160821-012413-V0645_Cen-I.fit	2457621.559405	0.185777	0.000152
231	Processed_l20160821-012440-V0645_Cen-I.fit	2457621.559718	0.184008	0.000152
232	Processed_l20160821-012508-V0645_Cen-I.fit	2457621.560042	0.184183	0.000152
233	Processed_l20160821-012535-V0645_Cen-I.fit	2457621.560354	0.187082	0.000156
234	Processed_l20160821-012603-V0645_Cen-I.fit	2457621.560678	0.188794	0.000157
235	Processed_l20160821-012630-V0645_Cen-I.fit	2457621.560991	0.183163	0.000156
236	Processed_l20160821-012658-V0645_Cen-I.fit	2457621.561315	0.184589	0.000158
237	Processed_l20160821-012725-V0645_Cen-I.fit	2457621.561628	0.183008	0.000155
238	Processed_l20160821-012753-V0645_Cen-I.fit	2457621.561952	0.187167	0.000159
239	Processed_l20160821-012820-V0645_Cen-I.fit	2457621.562264	0.183304	0.000157
240	Processed_l20160821-012848-V0645_Cen-I.fit	2457621.562588	0.186081	0.000157
241	Processed_l20160821-012915-V0645_Cen-I.fit	2457621.562901	0.182250	0.000156
242	Processed_l20160821-012943-V0645_Cen-I.fit	2457621.563225	0.181095	0.000154
243	Processed_l20160821-013010-V0645_Cen-I.fit	2457621.563537	0.178854	0.000156
244	Processed_l20160821-013038-V0645_Cen-I.fit	2457621.563861	0.185483	0.000159
245	Processed_l20160821-013105-V0645_Cen-I.fit	2457621.564174	0.182407	0.000162
246	Processed_l20160821-013133-V0645_Cen-I.fit	2457621.564498	0.184246	0.000178
247	Processed_l20160821-013200-V0645_Cen-I.fit	2457621.564810	0.187297	0.000165
248	Processed_l20160821-013228-V0645_Cen-I.fit	2457621.565134	0.182785	0.000167
249	Processed_l20160821-013255-V0645_Cen-I.fit	2457621.565447	0.185819	0.000173
250	Processed_l20160821-013323-V0645_Cen-I.fit	2457621.565771	0.185876	0.000177
251	Processed_l20160821-013350-V0645_Cen-I.fit	2457621.566083	0.185259	0.000185
252	Processed_l20160821-013418-V0645_Cen-I.fit	2457621.566407	0.182499	0.000182
253	Processed_l20160821-013445-V0645_Cen-I.fit	2457621.566720	0.184524	0.000174
254	Processed_l20160821-013513-V0645_Cen-I.fit	2457621.567044	0.187773	0.000172
255	Processed_l20160821-013540-V0645_Cen-I.fit	2457621.567368	0.185850	0.000167
256	Processed_l20160821-013609-V0645_Cen-I.fit	2457621.567692	0.184102	0.000163
257	Processed_l20160821-013636-V0645_Cen-I.fit	2457621.568004	0.183995	0.000155
258	Processed_l20160821-013703-V0645_Cen-I.fit	2457621.568328	0.182673	0.000156
259	Processed_l20160821-013731-V0645_Cen-I.fit	2457621.568641	0.182307	0.000157
260	Processed_l20160821-013759-V0645_Cen-I.fit	2457621.568965	0.185526	0.000159
261	Processed_l20160821-013826-V0645_Cen-I.fit	2457621.569277	0.180088	0.000156
262	Processed_l20160821-013854-V0645_Cen-I.fit	2457621.569601	0.182894	0.000157
263	Processed_l20160821-013921-V0645_Cen-I.fit	2457621.569914	0.181281	0.000156
264	Processed_l20160821-013949-V0645_Cen-I.fit	2457621.570238	0.182530	0.000166
265	Processed_l20160821-014016-V0645_Cen-I.fit	2457621.570550	0.185627	0.000159
266	Processed_l20160821-014044-V0645_Cen-I.fit	2457621.570875	0.183479	0.000161
267	Processed_l20160821-014111-V0645_Cen-I.fit	2457621.571187	0.180135	0.000163
268	Processed_l20160821-014139-V0645_Cen-I.fit	2457621.571511	0.181888	0.000169
269	Processed_l20160821-014206-V0645_Cen-I.fit	2457621.571824	0.178869	0.000171
270	Processed_l20160821-014234-V0645_Cen-I.fit	2457621.572148	0.184122	0.000187
271	Processed_l20160821-014301-V0645_Cen-I.fit	2457621.572460	0.188669	0.000188
272	Processed_l20160821-014329-V0645_Cen-I.fit	2457621.572784	0.187262	0.000196
273	Processed_l20160821-014357-V0645_Cen-I.fit	2457621.573108	0.183160	0.000201
274	Processed_l20160821-014424-V0645_Cen-I.fit	2457621.573421	0.180524	0.000252
275	Processed_l20160821-014452-V0645_Cen-I.fit	2457621.573745	0.183555	0.000273
276	Processed_l20160821-014519-V0645_Cen-I.fit	2457621.574057	0.184510	0.000580
277	Processed_l20160821-014547-V0645_Cen-I.fit	2457621.574381	0.178326	0.000569
278	Processed_l20160821-014737-V0645_Cen-I.fit	2457621.575654	0.175717	0.000645
279	Processed_l20160821-014804-V0645_Cen-I.fit	2457621.575967	0.182870	0.000483
280	Processed_l20160821-014832-V0645_Cen-I.fit	2457621.576291	0.179408	0.000523
281	Processed_l20160821-014859-V0645_Cen-I.fit	2457621.576603	0.179564	0.000463
282	Processed_l20160821-014927-V0645_Cen-I.fit	2457621.576927	0.178985	0.000480
283	Processed_l20160821-014955-V0645_Cen-I.fit	2457621.577251	0.175829	0.000479
284	Processed_l20160821-015022-V0645_Cen-I.fit	2457621.577564	0.181889	0.000478
285	Processed_l20160821-015050-V0645_Cen-I.fit	2457621.577888	0.181248	0.000421
286	Processed_l20160821-015117-V0645_Cen-I.fit	2457621.578200	0.176706	0.000270
287	Processed_l20160821-015145-V0645_Cen-I.fit	2457621.578524	0.183258	0.000208
288	Processed_l20160821-015212-V0645_Cen-I.fit	2457621.578837	0.180588	0.000178
289	Processed_l20160821-015240-V0645_Cen-I.fit	2457621.579161	0.183214	0.000163
290	Processed_l20160821-015307-V0645_Cen-I.fit	2457621.579473	0.185490	0.000181
291	Processed_l20160821-015335-V0645_Cen-I.fit	2457621.579798	0.183832	0.000203
292	Processed_l20160821-015402-V0645_Cen-I.fit	2457621.580110	0.184782	0.000207
293	Processed_l20160821-015430-V0645_Cen-I.fit	2457621.580434	0.183716	0.000229
294	Processed_l20160821-015457-V0645_Cen-I.fit	2457621.580747	0.175190	0.000223
295	Processed_l20160821-015525-V0645_Cen-I.fit	2457621.581071	0.192217	0.000238
296	Processed_l20160821-015552-V0645_Cen-I.fit	2457621.581383	0.188235	0.000247
297	Processed_l20160821-015620-V0645_Cen-I.fit	2457621.581707	0.186324	0.000250
298	Processed_l20160821-015652-V0645_Cen-I.fit	2457621.582089	0.186403	0.000230
299	Processed_l20160821-015720-V0645_Cen-I.fit	2457621.582402	0.183191	0.000201
300	Processed_l20160821-015748-V0645_Cen-I.fit	2457621.582726	0.179883	0.000181
301	Processed_l20160821-015815-V0645_Cen-I.fit	2457621.583038	0.186764	0.000179
302	Processed_l20160821-015843-V0645_Cen-I.fit	2457621.583362	0.186777	0.000174
303	Processed_l20160821-015911-V0645_Cen-I.fit	2457621.583686	0.183136	0.000172
304	Processed_l20160821-015938-V0645_Cen-I.fit	2457621.583999	0.183476	0.000164
305	Processed_l20160821-020006-V0645_Cen-I.fit	2457621.584323	0.185401	0.000159
306	Processed_l20160821-020033-V0645_Cen-I.fit	2457621.584635	0.185587	0.000157
307	Processed_l20160821-020101-V0645_Cen-I.fit	2457621.584959	0.182508	0.000157
308	Processed_l20160821-020128-V0645_Cen-I.fit	2457621.585272	0.185006	0.000161
309	Processed_l20160821-020156-V0645_Cen-I.fit	2457621.585596	0.185763	0.000167
310	Processed_l20160821-020223-V0645_Cen-I.fit	2457621.585908	0.182973	0.000169
311	Processed_l20160821-020251-V0645_Cen-I.fit	2457621.586232	0.184514	0.000194
312	Processed_l20160821-020318-V0645_Cen-I.fit	2457621.586556	0.182267	0.000218
313	Processed_l20160821-020346-V0645_Cen-I.fit	2457621.586869	0.174940	0.000238
314	Processed_l20160821-020413-V0645_Cen-I.fit	2457621.587193	0.177969	0.000207
315	Processed_l20160821-020441-V0645_Cen-I.fit	2457621.587505	0.178190	0.000257
316	Processed_l20160821-020508-V0645_Cen-I.fit	2457621.587829	0.176013	0.000354
317	Processed_l20160821-020536-V0645_Cen-I.fit	2457621.588142	0.174246	0.000388
318	Processed_l20160820-233555-V0645_Cen-I.fit	2457621.484214	0.185863	0.000155
319	Processed_l20160820-233728-V0645_Cen-I.fit	2457621.485279	0.185941	0.000157
320	Processed_l20160820-233756-V0645_Cen-I.fit	2457621.485603	0.185952	0.000157
321	Processed_l20160820-233824-V0645_Cen-I.fit	2457621.485927	0.182112	0.000155
322	Processed_l20160820-233853-V0645_Cen-I.fit	2457621.486262	0.186460	0.000156
323	Processed_l20160820-233921-V0645_Cen-I.fit	2457621.486586	0.182245	0.000153
324	Processed_l20160820-233950-V0645_Cen-I.fit	2457621.486922	0.180083	0.000152
325	Processed_l20160820-234019-V0645_Cen-I.fit	2457621.487258	0.179661	0.000151
326	Processed_l20160820-234048-V0645_Cen-I.fit	2457621.487593	0.186846	0.000153
327	Processed_l20160820-234116-V0645_Cen-I.fit	2457621.487917	0.180888	0.000151
328	Processed_l20160820-234145-V0645_Cen-I.fit	2457621.488253	0.181370	0.000152
329	Processed_l20160820-234214-V0645_Cen-I.fit	2457621.488589	0.183098	0.000151
330	Processed_l20160820-234243-V0645_Cen-I.fit	2457621.488924	0.183367	0.000152
331	Processed_l20160820-234311-V0645_Cen-I.fit	2457621.489260	0.183977	0.000152
332	Processed_l20160820-234340-V0645_Cen-I.fit	2457621.489584	0.186997	0.000156
333	Processed_l20160820-234408-V0645_Cen-I.fit	2457621.489908	0.184030	0.000153
334	Processed_l20160820-234437-V0645_Cen-I.fit	2457621.490244	0.184632	0.000154
335	Processed_l20160820-234506-V0645_Cen-I.fit	2457621.490579	0.184189	0.000153
336	Processed_l20160820-234535-V0645_Cen-I.fit	2457621.490915	0.183489	0.000152
337	Processed_l20160820-234604-V0645_Cen-I.fit	2457621.491250	0.180910	0.000152
338	Processed_l20160820-234633-V0645_Cen-I.fit	2457621.491586	0.183134	0.000153
339	Processed_l20160820-234701-V0645_Cen-I.fit	2457621.491910	0.180855	0.000152
340	Processed_l20160820-234730-V0645_Cen-I.fit	2457621.492246	0.178979	0.000153
341	Processed_l20160820-234759-V0645_Cen-I.fit	2457621.492581	0.186256	0.000156
342	Processed_l20160820-234827-V0645_Cen-I.fit	2457621.492905	0.180265	0.000152
343	Processed_l20160820-234856-V0645_Cen-I.fit	2457621.493241	0.184038	0.000155
344	Processed_l20160820-234924-V0645_Cen-I.fit	2457621.493565	0.184654	0.000155
345	Processed_l20160820-234953-V0645_Cen-I.fit	2457621.493901	0.184678	0.000155
346	Processed_l20160820-235022-V0645_Cen-I.fit	2457621.494236	0.183342	0.000155
347	Processed_l20160820-235051-V0645_Cen-I.fit	2457621.494572	0.183332	0.000155
348	Processed_l20160820-235120-V0645_Cen-I.fit	2457621.494908	0.183051	0.000153
349	Processed_l20160820-235149-V0645_Cen-I.fit	2457621.495243	0.188334	0.000156
350	Processed_l20160820-235217-V0645_Cen-I.fit	2457621.495567	0.187055	0.000155
351	Processed_l20160820-235246-V0645_Cen-I.fit	2457621.495903	0.187012	0.000155
352	Processed_l20160820-235315-V0645_Cen-I.fit	2457621.496239	0.181004	0.000152
353	Processed_l20160820-235343-V0645_Cen-I.fit	2457621.496563	0.177578	0.000150
354	Processed_l20160820-235412-V0645_Cen-I.fit	2457621.496898	0.182021	0.000153
355	Processed_l20160820-235441-V0645_Cen-I.fit	2457621.497234	0.182637	0.000153
356	Processed_l20160820-235509-V0645_Cen-I.fit	2457621.497558	0.180419	0.000152
357	Processed_l20160820-235538-V0645_Cen-I.fit	2457621.497894	0.184757	0.000154
358	Processed_l20160820-235607-V0645_Cen-I.fit	2457621.498229	0.183634	0.000153
359	Processed_l20160820-235636-V0645_Cen-I.fit	2457621.498565	0.186844	0.000154
360	Processed_l20160820-235704-V0645_Cen-I.fit	2457621.498900	0.183125	0.000151
361	Processed_l20160820-235734-V0645_Cen-I.fit	2457621.499236	0.180947	0.000151
362	Processed_l20160820-235802-V0645_Cen-I.fit	2457621.499560	0.179979	0.000149
363	Processed_l20160820-235830-V0645_Cen-I.fit	2457621.499896	0.184206	0.000153
364	Processed_l20160820-235900-V0645_Cen-I.fit	2457621.500231	0.180469	0.000152
365	Processed_l20160820-235929-V0645_Cen-I.fit	2457621.500567	0.185222	0.000154
366	Processed_l20160820-235958-V0645_Cen-I.fit	2457621.500903	0.185100	0.000153
367	Processed_l20160821-000027-V0645_Cen-I.fit	2457621.501238	0.185899	0.000155
368	Processed_l20160821-000056-V0645_Cen-I.fit	2457621.501574	0.186052	0.000155
369	Processed_l20160821-000125-V0645_Cen-I.fit	2457621.501909	0.180933	0.000152
370	Processed_l20160821-000154-V0645_Cen-I.fit	2457621.502245	0.182721	0.000155
371	Processed_l20160821-000223-V0645_Cen-I.fit	2457621.502581	0.181604	0.000152
372	Processed_l20160821-000251-V0645_Cen-I.fit	2457621.502905	0.184578	0.000153
373	Processed_l20160821-000320-V0645_Cen-I.fit	2457621.503240	0.184937	0.000153
374	Processed_l20160821-000348-V0645_Cen-I.fit	2457621.503564	0.187240	0.000157
375	Processed_l20160821-000417-V0645_Cen-I.fit	2457621.503900	0.180666	0.000153
376	Processed_l20160821-000447-V0645_Cen-I.fit	2457621.504247	0.179249	0.000152
377	Processed_l20160821-000516-V0645_Cen-I.fit	2457621.504583	0.186085	0.000155
378	Processed_l20160821-000544-V0645_Cen-I.fit	2457621.504907	0.184078	0.000154
379	Processed_l20160821-000613-V0645_Cen-I.fit	2457621.505243	0.181992	0.000154
380	Processed_l20160821-000642-V0645_Cen-I.fit	2457621.505578	0.182464	0.000153
381	Processed_l20160821-000711-V0645_Cen-I.fit	2457621.505914	0.183356	0.000154
382	Processed_l20160821-000740-V0645_Cen-I.fit	2457621.506249	0.183563	0.000153
383	Processed_l20160821-000809-V0645_Cen-I.fit	2457621.506585	0.182697	0.000154
384	Processed_l20160821-000838-V0645_Cen-I.fit	2457621.506921	0.181763	0.000152
385	Processed_l20160821-000907-V0645_Cen-I.fit	2457621.507256	0.182119	0.000153
386	Processed_l20160821-000936-V0645_Cen-I.fit	2457621.507592	0.183327	0.000153
387	Processed_l20160821-001005-V0645_Cen-I.fit	2457621.507928	0.185832	0.000154
388	Processed_l20160821-001035-V0645_Cen-I.fit	2457621.508275	0.185657	0.000154
389	Processed_l20160821-001103-V0645_Cen-I.fit	2457621.508599	0.184292	0.000153
390	Processed_l20160821-001132-V0645_Cen-I.fit	2457621.508934	0.182887	0.000153
391	Processed_l20160821-001201-V0645_Cen-I.fit	2457621.509270	0.185126	0.000152
392	Processed_l20160821-001229-V0645_Cen-I.fit	2457621.509594	0.182529	0.000152
393	Processed_l20160821-001258-V0645_Cen-I.fit	2457621.509941	0.179584	0.000150
394	Processed_l20160821-001327-V0645_Cen-I.fit	2457621.510277	0.184642	0.000152
395	Processed_l20160821-001356-V0645_Cen-I.fit	2457621.510601	0.182216	0.000152
396	Processed_l20160821-001424-V0645_Cen-I.fit	2457621.510925	0.183253	0.000154
397	Processed_l20160821-001453-V0645_Cen-I.fit	2457621.511261	0.181764	0.000152
398	Processed_l20160821-001521-V0645_Cen-I.fit	2457621.511596	0.181474	0.000153
399	Processed_l20160821-001551-V0645_Cen-I.fit	2457621.511932	0.179818	0.000150
400	Processed_l20160821-001619-V0645_Cen-I.fit	2457621.512256	0.181160	0.000151
401	Processed_l20160821-001648-V0645_Cen-I.fit	2457621.512592	0.184397	0.000154
402	Processed_l20160821-001717-V0645_Cen-I.fit	2457621.512927	0.185130	0.000154
403	Processed_l20160821-001746-V0645_Cen-I.fit	2457621.513263	0.182781	0.000152
404	Processed_l20160821-001815-V0645_Cen-I.fit	2457621.513598	0.187339	0.000153
405	Processed_l20160821-001844-V0645_Cen-I.fit	2457621.513934	0.182236	0.000151
406	Processed_l20160821-001913-V0645_Cen-I.fit	2457621.514270	0.180259	0.000150
407	Processed_l20160821-001942-V0645_Cen-I.fit	2457621.514605	0.184018	0.000153
408	Processed_l20160821-002010-V0645_Cen-I.fit	2457621.514929	0.185586	0.000154
409	Processed_l20160821-002039-V0645_Cen-I.fit	2457621.515265	0.187140	0.000154
410	Processed_l20160821-002108-V0645_Cen-I.fit	2457621.515601	0.182294	0.000151
411	Processed_l20160821-002137-V0645_Cen-I.fit	2457621.515936	0.186178	0.000154
412	Processed_l20160821-002206-V0645_Cen-I.fit	2457621.516272	0.185352	0.000152
413	Processed_l20160821-002235-V0645_Cen-I.fit	2457621.516607	0.185664	0.000152
414	Processed_l20160821-002305-V0645_Cen-I.fit	2457621.516955	0.181992	0.000151
415	Processed_l20160821-002333-V0645_Cen-I.fit	2457621.517279	0.179741	0.000150
416	Processed_l20160821-002402-V0645_Cen-I.fit	2457621.517614	0.182349	0.000150
417	Processed_l20160821-002429-V0645_Cen-I.fit	2457621.517927	0.186012	0.000152
418	Processed_l20160821-002457-V0645_Cen-I.fit	2457621.518251	0.182251	0.000151
419	Processed_l20160821-002525-V0645_Cen-I.fit	2457621.518575	0.187014	0.000155
420	Processed_l20160821-002552-V0645_Cen-I.fit	2457621.518887	0.181141	0.000151
421	Processed_l20160821-002620-V0645_Cen-I.fit	2457621.519211	0.184932	0.000153
422	Processed_l20160821-002647-V0645_Cen-I.fit	2457621.519524	0.179788	0.000151
423	Processed_l20160821-002715-V0645_Cen-I.fit	2457621.519848	0.182221	0.000152
424	Processed_l20160821-002742-V0645_Cen-I.fit	2457621.520160	0.181588	0.000152
425	Processed_l20160821-002810-V0645_Cen-I.fit	2457621.520485	0.183075	0.000153
426	Processed_l20160821-002837-V0645_Cen-I.fit	2457621.520797	0.186305	0.000154
427	Processed_l20160821-002905-V0645_Cen-I.fit	2457621.521121	0.185862	0.000153
428	Processed_l20160821-002932-V0645_Cen-I.fit	2457621.521434	0.183928	0.000152
429	Processed_l20160821-003000-V0645_Cen-I.fit	2457621.521758	0.184652	0.000153
430	Processed_l20160821-003027-V0645_Cen-I.fit	2457621.522070	0.182385	0.000153
431	Processed_l20160821-003055-V0645_Cen-I.fit	2457621.522394	0.181127	0.000153
432	Processed_l20160821-003122-V0645_Cen-I.fit	2457621.522707	0.183299	0.000154
433	Processed_l20160821-003150-V0645_Cen-I.fit	2457621.523031	0.184321	0.000153
434	Processed_l20160821-003217-V0645_Cen-I.fit	2457621.523343	0.183864	0.000151
435	Processed_l20160821-003244-V0645_Cen-I.fit	2457621.523667	0.184356	0.000152
436	Processed_l20160821-003312-V0645_Cen-I.fit	2457621.523980	0.181871	0.000150
437	Processed_l20160821-003339-V0645_Cen-I.fit	2457621.524304	0.180923	0.000151
438	Processed_l20160821-003407-V0645_Cen-I.fit	2457621.524616	0.181004	0.000151
439	Processed_l20160821-003434-V0645_Cen-I.fit	2457621.524929	0.187425	0.000154
440	Processed_l20160821-003502-V0645_Cen-I.fit	2457621.525253	0.181940	0.000150
441	Processed_l20160821-003529-V0645_Cen-I.fit	2457621.525565	0.192272	0.000156
442	Processed_l20160821-003557-V0645_Cen-I.fit	2457621.525889	0.185903	0.000154
443	Processed_l20160821-003624-V0645_Cen-I.fit	2457621.526202	0.188475	0.000155
444	Processed_l20160821-003652-V0645_Cen-I.fit	2457621.526526	0.184559	0.000153
445	Processed_l20160821-003719-V0645_Cen-I.fit	2457621.526838	0.183861	0.000152
446	Processed_l20160821-003747-V0645_Cen-I.fit	2457621.527162	0.184686	0.000153
447	Processed_l20160821-003814-V0645_Cen-I.fit	2457621.527486	0.184740	0.000152
448	Processed_l20160821-003842-V0645_Cen-I.fit	2457621.527799	0.183163	0.000152
449	Processed_l20160821-003910-V0645_Cen-I.fit	2457621.528123	0.184526	0.000152
450	Processed_l20160821-003937-V0645_Cen-I.fit	2457621.528435	0.180852	0.000151
451	Processed_l20160821-004005-V0645_Cen-I.fit	2457621.528759	0.185372	0.000153
452	Processed_l20160821-004033-V0645_Cen-I.fit	2457621.529083	0.184912	0.000153
453	Processed_l20160821-004100-V0645_Cen-I.fit	2457621.529396	0.184111	0.000153
454	Processed_l20160821-004127-V0645_Cen-I.fit	2457621.529708	0.183404	0.000154
455	Processed_l20160821-004155-V0645_Cen-I.fit	2457621.530032	0.182617	0.000154
456	Processed_l20160821-004222-V0645_Cen-I.fit	2457621.530345	0.184849	0.000157
457	Processed_l20160821-004250-V0645_Cen-I.fit	2457621.530669	0.179025	0.000156
458	Processed_l20160821-004317-V0645_Cen-I.fit	2457621.530981	0.184474	0.000157
459	Processed_l20160821-004345-V0645_Cen-I.fit	2457621.531306	0.183561	0.000156
460	Processed_l20160821-004413-V0645_Cen-I.fit	2457621.531630	0.183125	0.000158
461	Processed_l20160821-004440-V0645_Cen-I.fit	2457621.531942	0.184197	0.000160
462	Processed_l20160821-004508-V0645_Cen-I.fit	2457621.532266	0.180458	0.000164
463	Processed_l20160821-004535-V0645_Cen-I.fit	2457621.532579	0.186113	0.000169
464	Processed_l20160821-004603-V0645_Cen-I.fit	2457621.532903	0.181837	0.000167
465	Processed_l20160821-004630-V0645_Cen-I.fit	2457621.533215	0.186974	0.000169
466	Processed_l20160821-004658-V0645_Cen-I.fit	2457621.533539	0.187812	0.000176
467	Processed_l20160821-004725-V0645_Cen-I.fit	2457621.533852	0.189450	0.000187
468	Processed_l20160821-004758-V0645_Cen-I.fit	2457621.534234	0.187544	0.000203
469	Processed_l20160821-004826-V0645_Cen-I.fit	2457621.534558	0.186901	0.000229
470	Processed_l20160821-004853-V0645_Cen-I.fit	2457621.534870	0.179461	0.000256
471	Processed_l20160821-004920-V0645_Cen-I.fit	2457621.535194	0.176393	0.000256
472	Processed_l20160821-004948-V0645_Cen-I.fit	2457621.535507	0.178350	0.000293
473	Processed_l20160821-005016-V0645_Cen-I.fit	2457621.535831	0.182889	0.000320
474	Processed_l20160821-005043-V0645_Cen-I.fit	2457621.536143	0.180201	0.000308
475	Processed_l20160821-005111-V0645_Cen-I.fit	2457621.536467	0.183663	0.000245
476	Processed_l20160821-005138-V0645_Cen-I.fit	2457621.536780	0.186894	0.000207
477	Processed_l20160821-005206-V0645_Cen-I.fit	2457621.537104	0.182979	0.000180
478	Processed_l20160821-005234-V0645_Cen-I.fit	2457621.537428	0.185193	0.000165
479	Processed_l20160821-005301-V0645_Cen-I.fit	2457621.537740	0.184555	0.000161
480	Processed_l20160821-005329-V0645_Cen-I.fit	2457621.538064	0.186655	0.000173
481	Processed_l20160821-005356-V0645_Cen-I.fit	2457621.538377	0.184217	0.000163
482	Processed_l20160821-005424-V0645_Cen-I.fit	2457621.538701	0.184901	0.000163
483	Processed_l20160821-005451-V0645_Cen-I.fit	2457621.539013	0.182511	0.000161
484	Processed_l20160821-005519-V0645_Cen-I.fit	2457621.539337	0.184065	0.000164
485	Processed_l20160821-005546-V0645_Cen-I.fit	2457621.539650	0.186875	0.000168
486	Processed_l20160821-005614-V0645_Cen-I.fit	2457621.539974	0.185001	0.000175
487	Processed_l20160821-005641-V0645_Cen-I.fit	2457621.540286	0.186997	0.000192
488	Processed_l20160821-005709-V0645_Cen-I.fit	2457621.540610	0.186359	0.000195
489	Processed_l20160821-005736-V0645_Cen-I.fit	2457621.540923	0.186304	0.000200
490	Processed_l20160821-005804-V0645_Cen-I.fit	2457621.541247	0.185570	0.000210
491	Processed_l20160821-005831-V0645_Cen-I.fit	2457621.541559	0.183713	0.000220
492	Processed_l20160821-005859-V0645_Cen-I.fit	2457621.541884	0.185131	0.000225
493	Processed_l20160821-005926-V0645_Cen-I.fit	2457621.542208	0.182661	0.000225
494	Processed_l20160821-005954-V0645_Cen-I.fit	2457621.542520	0.186271	0.000218
495	Processed_l20160821-010022-V0645_Cen-I.fit	2457621.542844	0.184498	0.000217
496	Processed_l20160821-010049-V0645_Cen-I.fit	2457621.543157	0.183575	0.000233
497	Processed_l20160821-010117-V0645_Cen-I.fit	2457621.543481	0.185190	0.000232
498	Processed_l20160821-010144-V0645_Cen-I.fit	2457621.543793	0.184489	0.000241
499	Processed_l20160821-010212-V0645_Cen-I.fit	2457621.544117	0.184072	0.000163
500	Processed_l20160821-010239-V0645_Cen-I.fit	2457621.544430	0.182898	0.000167
501	Processed_l20160821-010307-V0645_Cen-I.fit	2457621.544754	0.185035	0.000174
502	Processed_l20160821-010334-V0645_Cen-I.fit	2457621.545066	0.184171	0.000181
503	Processed_l20160821-010402-V0645_Cen-I.fit	2457621.545390	0.183100	0.000184
504	Processed_l20160821-010429-V0645_Cen-I.fit	2457621.545703	0.185276	0.000186
505	Processed_l20160821-010457-V0645_Cen-I.fit	2457621.546027	0.185989	0.000191
506	Processed_l20160821-010524-V0645_Cen-I.fit	2457621.546339	0.181603	0.000189
507	Processed_l20160821-010552-V0645_Cen-I.fit	2457621.546663	0.186494	0.000194
508	Processed_l20160821-010619-V0645_Cen-I.fit	2457621.546976	0.182034	0.000184
509	Processed_l20160821-010647-V0645_Cen-I.fit	2457621.547300	0.182825	0.000175
510	Processed_l20160821-010714-V0645_Cen-I.fit	2457621.547612	0.186455	0.000164
511	Processed_l20160821-010742-V0645_Cen-I.fit	2457621.547936	0.189349	0.000170
512	Processed_l20160821-010809-V0645_Cen-I.fit	2457621.548249	0.186704	0.000161
513	Processed_l20160821-010837-V0645_Cen-I.fit	2457621.548573	0.184966	0.000157
514	Processed_l20160821-010904-V0645_Cen-I.fit	2457621.548885	0.183538	0.000154
515	Processed_l20160821-010932-V0645_Cen-I.fit	2457621.549209	0.185789	0.000151
516	Processed_l20160821-010959-V0645_Cen-I.fit	2457621.549533	0.184906	0.000152
517	Processed_l20160821-011027-V0645_Cen-I.fit	2457621.549846	0.184908	0.000151
518	Processed_l20160821-011054-V0645_Cen-I.fit	2457621.550170	0.184425	0.000153
519	Processed_l20160821-011122-V0645_Cen-I.fit	2457621.550482	0.184825	0.000152
520	Processed_l20160821-011150-V0645_Cen-I.fit	2457621.550807	0.187018	0.000154
521	Processed_l20160821-011217-V0645_Cen-I.fit	2457621.551119	0.185517	0.000153
522	Processed_l20160821-011245-V0645_Cen-I.fit	2457621.551443	0.186247	0.000153
523	Processed_l20160821-011312-V0645_Cen-I.fit	2457621.551756	0.185931	0.000154
524	Processed_l20160821-011340-V0645_Cen-I.fit	2457621.552080	0.184354	0.000151
525	Processed_l20160821-011407-V0645_Cen-I.fit	2457621.552392	0.184379	0.000151
526	Processed_l20160821-011435-V0645_Cen-I.fit	2457621.552716	0.187008	0.000153
527	Processed_l20160821-011502-V0645_Cen-I.fit	2457621.553029	0.188657	0.000158
528	Processed_l20160821-011530-V0645_Cen-I.fit	2457621.553353	0.186842	0.000164
529	Processed_l20160821-011557-V0645_Cen-I.fit	2457621.553665	0.186746	0.000161
530	Processed_l20160821-011625-V0645_Cen-I.fit	2457621.553989	0.186481	0.000155
531	Processed_l20160821-011652-V0645_Cen-I.fit	2457621.554302	0.184692	0.000151
532	Processed_l20160821-011720-V0645_Cen-I.fit	2457621.554626	0.185043	0.000154
533	Processed_l20160821-011747-V0645_Cen-I.fit	2457621.554938	0.186104	0.000153
534	Processed_l20160821-011815-V0645_Cen-I.fit	2457621.555262	0.186090	0.000162
535	Processed_l20160821-011842-V0645_Cen-I.fit	2457621.555575	0.185629	0.000158
536	Processed_l20160821-011910-V0645_Cen-I.fit	2457621.555899	0.187148	0.000153
537	Processed_l20160821-011937-V0645_Cen-I.fit	2457621.556211	0.184452	0.000152
538	Processed_l20160821-012005-V0645_Cen-I.fit	2457621.556535	0.183190	0.000155
539	Processed_l20160821-012032-V0645_Cen-I.fit	2457621.556848	0.186615	0.000165
540	Processed_l20160821-012100-V0645_Cen-I.fit	2457621.557172	0.186869	0.000165
541	Processed_l20160821-012128-V0645_Cen-I.fit	2457621.557496	0.182669	0.000154
542	Processed_l20160821-012155-V0645_Cen-I.fit	2457621.557808	0.185521	0.000156
543	Processed_l20160821-012223-V0645_Cen-I.fit	2457621.558132	0.185274	0.000155
544	Processed_l20160821-012250-V0645_Cen-I.fit	2457621.558445	0.185068	0.000179
545	Processed_l20160821-012318-V0645_Cen-I.fit	2457621.558769	0.182897	0.000152
546	Processed_l20160821-012345-V0645_Cen-I.fit	2457621.559093	0.183935	0.000152
547	Processed_l20160821-012413-V0645_Cen-I.fit	2457621.559405	0.185777	0.000152
548	Processed_l20160821-012440-V0645_Cen-I.fit	2457621.559718	0.184008	0.000152
549	Processed_l20160821-012508-V0645_Cen-I.fit	2457621.560042	0.184183	0.000152
550	Processed_l20160821-012535-V0645_Cen-I.fit	2457621.560354	0.187082	0.000156
551	Processed_l20160821-012603-V0645_Cen-I.fit	2457621.560678	0.188794	0.000157
552	Processed_l20160821-012630-V0645_Cen-I.fit	2457621.560991	0.183163	0.000156
553	Processed_l20160821-012658-V0645_Cen-I.fit	2457621.561315	0.184589	0.000158
554	Processed_l20160821-012725-V0645_Cen-I.fit	2457621.561628	0.183008	0.000155
555	Processed_l20160821-012753-V0645_Cen-I.fit	2457621.561952	0.187167	0.000159
556	Processed_l20160821-012820-V0645_Cen-I.fit	2457621.562264	0.183304	0.000157
557	Processed_l20160821-012848-V0645_Cen-I.fit	2457621.562588	0.186081	0.000157
558	Processed_l20160821-012915-V0645_Cen-I.fit	2457621.562901	0.182250	0.000156
559	Processed_l20160821-012943-V0645_Cen-I.fit	2457621.563225	0.181095	0.000154
560	Processed_l20160821-013010-V0645_Cen-I.fit	2457621.563537	0.178854	0.000156
561	Processed_l20160821-013038-V0645_Cen-I.fit	2457621.563861	0.185483	0.000159
562	Processed_l20160821-013105-V0645_Cen-I.fit	2457621.564174	0.182407	0.000162
563	Processed_l20160821-013133-V0645_Cen-I.fit	2457621.564498	0.184246	0.000178
564	Processed_l20160821-013200-V0645_Cen-I.fit	2457621.564810	0.187297	0.000165
565	Processed_l20160821-013228-V0645_Cen-I.fit	2457621.565134	0.182785	0.000167
566	Processed_l20160821-013255-V0645_Cen-I.fit	2457621.565447	0.185819	0.000173
567	Processed_l20160821-013323-V0645_Cen-I.fit	2457621.565771	0.185876	0.000177
568	Processed_l20160821-013350-V0645_Cen-I.fit	2457621.566083	0.185259	0.000185
569	Processed_l20160821-013418-V0645_Cen-I.fit	2457621.566407	0.182499	0.000182
570	Processed_l20160821-013445-V0645_Cen-I.fit	2457621.566720	0.184524	0.000174
571	Processed_l20160821-013513-V0645_Cen-I.fit	2457621.567044	0.187773	0.000172
572	Processed_l20160821-013540-V0645_Cen-I.fit	2457621.567368	0.185850	0.000167
573	Processed_l20160821-013609-V0645_Cen-I.fit	2457621.567692	0.184102	0.000163
574	Processed_l20160821-013636-V0645_Cen-I.fit	2457621.568004	0.183995	0.000155
575	Processed_l20160821-013703-V0645_Cen-I.fit	2457621.568328	0.182673	0.000156
576	Processed_l20160821-013731-V0645_Cen-I.fit	2457621.568641	0.182307	0.000157
577	Processed_l20160821-013759-V0645_Cen-I.fit	2457621.568965	0.185526	0.000159
578	Processed_l20160821-013826-V0645_Cen-I.fit	2457621.569277	0.180088	0.000156
579	Processed_l20160821-013854-V0645_Cen-I.fit	2457621.569601	0.182894	0.000157
580	Processed_l20160821-013921-V0645_Cen-I.fit	2457621.569914	0.181281	0.000156
581	Processed_l20160821-013949-V0645_Cen-I.fit	2457621.570238	0.182530	0.000166
582	Processed_l20160821-014016-V0645_Cen-I.fit	2457621.570550	0.185627	0.000159
583	Processed_l20160821-014044-V0645_Cen-I.fit	2457621.570875	0.183479	0.000161
584	Processed_l20160821-014111-V0645_Cen-I.fit	2457621.571187	0.180135	0.000163
585	Processed_l20160821-014139-V0645_Cen-I.fit	2457621.571511	0.181888	0.000169
586	Processed_l20160821-014206-V0645_Cen-I.fit	2457621.571824	0.178869	0.000171
587	Processed_l20160821-014234-V0645_Cen-I.fit	2457621.572148	0.184122	0.000187
588	Processed_l20160821-014301-V0645_Cen-I.fit	2457621.572460	0.188669	0.000188
589	Processed_l20160821-014329-V0645_Cen-I.fit	2457621.572784	0.187262	0.000196
590	Processed_l20160821-014357-V0645_Cen-I.fit	2457621.573108	0.183160	0.000201
591	Processed_l20160821-014424-V0645_Cen-I.fit	2457621.573421	0.180524	0.000252
592	Processed_l20160821-014452-V0645_Cen-I.fit	2457621.573745	0.183555	0.000273
593	Processed_l20160821-014519-V0645_Cen-I.fit	2457621.574057	0.184510	0.000580
594	Processed_l20160821-014547-V0645_Cen-I.fit	2457621.574381	0.178326	0.000569
595	Processed_l20160821-014737-V0645_Cen-I.fit	2457621.575654	0.175717	0.000645
596	Processed_l20160821-014804-V0645_Cen-I.fit	2457621.575967	0.182870	0.000483
597	Processed_l20160821-014832-V0645_Cen-I.fit	2457621.576291	0.179408	0.000523
598	Processed_l20160821-014859-V0645_Cen-I.fit	2457621.576603	0.179564	0.000463
599	Processed_l20160821-014927-V0645_Cen-I.fit	2457621.576927	0.178985	0.000480
600	Processed_l20160821-014955-V0645_Cen-I.fit	2457621.577251	0.175829	0.000479
601	Processed_l20160821-015022-V0645_Cen-I.fit	2457621.577564	0.181889	0.000478
602	Processed_l20160821-015050-V0645_Cen-I.fit	2457621.577888	0.181248	0.000421
603	Processed_l20160821-015117-V0645_Cen-I.fit	2457621.578200	0.176706	0.000270
604	Processed_l20160821-015145-V0645_Cen-I.fit	2457621.578524	0.183258	0.000208
605	Processed_l20160821-015212-V0645_Cen-I.fit	2457621.578837	0.180588	0.000178
606	Processed_l20160821-015240-V0645_Cen-I.fit	2457621.579161	0.183214	0.000163
607	Processed_l20160821-015307-V0645_Cen-I.fit	2457621.579473	0.185490	0.000181
608	Processed_l20160821-015335-V0645_Cen-I.fit	2457621.579798	0.183832	0.000203
609	Processed_l20160821-015402-V0645_Cen-I.fit	2457621.580110	0.184782	0.000207
610	Processed_l20160821-015430-V0645_Cen-I.fit	2457621.580434	0.183716	0.000229
611	Processed_l20160821-015457-V0645_Cen-I.fit	2457621.580747	0.175190	0.000223
612	Processed_l20160821-015525-V0645_Cen-I.fit	2457621.581071	0.192217	0.000238
613	Processed_l20160821-015552-V0645_Cen-I.fit	2457621.581383	0.188235	0.000247
614	Processed_l20160821-015620-V0645_Cen-I.fit	2457621.581707	0.186324	0.000250
615	Processed_l20160821-015652-V0645_Cen-I.fit	2457621.582089	0.186403	0.000230
616	Processed_l20160821-015720-V0645_Cen-I.fit	2457621.582402	0.183191	0.000201
617	Processed_l20160821-015748-V0645_Cen-I.fit	2457621.582726	0.179883	0.000181
618	Processed_l20160821-015815-V0645_Cen-I.fit	2457621.583038	0.186764	0.000179
619	Processed_l20160821-015843-V0645_Cen-I.fit	2457621.583362	0.186777	0.000174
620	Processed_l20160821-015911-V0645_Cen-I.fit	2457621.583686	0.183136	0.000172
621	Processed_l20160821-015938-V0645_Cen-I.fit	2457621.583999	0.183476	0.000164
622	Processed_l20160821-020006-V0645_Cen-I.fit	2457621.584323	0.185401	0.000159
623	Processed_l20160821-020033-V0645_Cen-I.fit	2457621.584635	0.185587	0.000157
624	Processed_l20160821-020101-V0645_Cen-I.fit	2457621.584959	0.182508	0.000157
625	Processed_l20160821-020128-V0645_Cen-I.fit	2457621.585272	0.185006	0.000161
626	Processed_l20160821-020156-V0645_Cen-I.fit	2457621.585596	0.185763	0.000167
627	Processed_l20160821-020223-V0645_Cen-I.fit	2457621.585908	0.182973	0.000169
628	Processed_l20160821-020251-V0645_Cen-I.fit	2457621.586232	0.184514	0.000194
629	Processed_l20160821-020318-V0645_Cen-I.fit	2457621.586556	0.182267	0.000218
630	Processed_l20160821-020346-V0645_Cen-I.fit	2457621.586869	0.174940	0.000238
631	Processed_l20160821-020413-V0645_Cen-I.fit	2457621.587193	0.177969	0.000207
632	Processed_l20160821-020441-V0645_Cen-I.fit	2457621.587505	0.178190	0.000257
633	Processed_l20160821-020508-V0645_Cen-I.fit	2457621.587829	0.176013	0.000354
634	Processed_l20160821-020603-V0645_Cen-I.fit	2457621.588466	0.178587	0.000251
635	Processed_l20160821-020631-V0645_Cen-I.fit	2457621.588778	0.184278	0.000218
636	Processed_l20160821-020659-V0645_Cen-I.fit	2457621.589102	0.181680	0.000196
637	Processed_l20160821-020726-V0645_Cen-I.fit	2457621.589415	0.181732	0.000191
638	Processed_l20160821-020753-V0645_Cen-I.fit	2457621.589739	0.180421	0.000189
639	Processed_l20160821-020821-V0645_Cen-I.fit	2457621.590051	0.185590	0.000190
640	Processed_l20160821-020849-V0645_Cen-I.fit	2457621.590376	0.186238	0.000198
641	Processed_l20160821-020917-V0645_Cen-I.fit	2457621.590700	0.182881	0.000204
642	Processed_l20160821-020944-V0645_Cen-I.fit	2457621.591012	0.184483	0.000209
643	Processed_l20160821-021012-V0645_Cen-I.fit	2457621.591336	0.184292	0.000201
644	Processed_l20160821-021039-V0645_Cen-I.fit	2457621.591649	0.190350	0.000206
645	Processed_l20160821-021107-V0645_Cen-I.fit	2457621.591973	0.184687	0.000209
646	Processed_l20160821-021134-V0645_Cen-I.fit	2457621.592285	0.181614	0.000171
647	Processed_l20160821-021202-V0645_Cen-I.fit	2457621.592609	0.186689	0.000169
648	Processed_l20160821-021229-V0645_Cen-I.fit	2457621.592922	0.183494	0.000162
649	Processed_l20160821-021257-V0645_Cen-I.fit	2457621.593246	0.185220	0.000159
650	Processed_l20160821-021324-V0645_Cen-I.fit	2457621.593558	0.186788	0.000155
651	Processed_l20160821-021352-V0645_Cen-I.fit	2457621.593882	0.183880	0.000152
652	Processed_l20160821-021419-V0645_Cen-I.fit	2457621.594195	0.186259	0.000154
653	Processed_l20160821-021447-V0645_Cen-I.fit	2457621.594519	0.184450	0.000156
654	Processed_l20160821-021514-V0645_Cen-I.fit	2457621.594831	0.186442	0.000156
655	Processed_l20160821-021542-V0645_Cen-I.fit	2457621.595155	0.183980	0.000153
656	Processed_l20160821-021609-V0645_Cen-I.fit	2457621.595468	0.183906	0.000153
657	Processed_l20160821-021637-V0645_Cen-I.fit	2457621.595792	0.184986	0.000153
658	Processed_l20160821-021704-V0645_Cen-I.fit	2457621.596116	0.181821	0.000150
659	Processed_l20160821-021732-V0645_Cen-I.fit	2457621.596428	0.181896	0.000156
660	Processed_l20160821-021759-V0645_Cen-I.fit	2457621.596741	0.182720	0.000163
661	Processed_l20160821-021827-V0645_Cen-I.fit	2457621.597065	0.184237	0.000152
662	Processed_l20160821-021854-V0645_Cen-I.fit	2457621.597389	0.182117	0.000154
663	Processed_l20160821-021922-V0645_Cen-I.fit	2457621.597701	0.185982	0.000155
664	Processed_l20160821-021949-V0645_Cen-I.fit	2457621.598014	0.185743	0.000156
665	Processed_l20160821-022017-V0645_Cen-I.fit	2457621.598338	0.186774	0.000162
666	Processed_l20160821-022045-V0645_Cen-I.fit	2457621.598662	0.181349	0.000172
667	Processed_l20160821-022112-V0645_Cen-I.fit	2457621.598974	0.184660	0.000184
668	Processed_l20160821-022140-V0645_Cen-I.fit	2457621.599298	0.187396	0.000195
669	Processed_l20160821-022207-V0645_Cen-I.fit	2457621.599611	0.184997	0.000191
670	Processed_l20160821-022235-V0645_Cen-I.fit	2457621.599935	0.185663	0.000185
671	Processed_l20160821-022302-V0645_Cen-I.fit	2457621.600247	0.181133	0.000176
672	Processed_l20160821-022330-V0645_Cen-I.fit	2457621.600572	0.187413	0.000173
673	Processed_l20160821-022357-V0645_Cen-I.fit	2457621.600884	0.183508	0.000193
674	Processed_l20160821-022425-V0645_Cen-I.fit	2457621.601208	0.185676	0.000207
675	Processed_l20160821-022452-V0645_Cen-I.fit	2457621.601521	0.183671	0.000208
676	Processed_l20160821-022520-V0645_Cen-I.fit	2457621.601845	0.183938	0.000202
677	Processed_l20160821-022547-V0645_Cen-I.fit	2457621.602157	0.185874	0.000205
678	Processed_l20160821-022616-V0645_Cen-I.fit	2457621.602493	0.191161	0.000211
679	Processed_l20160821-022643-V0645_Cen-I.fit	2457621.602805	0.183256	0.000228
680	Processed_l20160821-022711-V0645_Cen-I.fit	2457621.603129	0.185329	0.000239
681	Processed_l20160821-022806-V0645_Cen-I.fit	2457621.603766	0.182055	0.000233
682	Processed_l20160821-022901-V0645_Cen-I.fit	2457621.604402	0.182380	0.000213
683	Processed_l20160821-022929-V0645_Cen-I.fit	2457621.604726	0.184764	0.000218
684	Processed_l20160821-022956-V0645_Cen-I.fit	2457621.605039	0.179715	0.000197
685	Processed_l20160821-023024-V0645_Cen-I.fit	2457621.605363	0.184454	0.000184
686	Processed_l20160821-023051-V0645_Cen-I.fit	2457621.605675	0.185405	0.000191
687	Processed_l20160821-023119-V0645_Cen-I.fit	2457621.605999	0.186725	0.000184
688	Processed_l20160821-023146-V0645_Cen-I.fit	2457621.606312	0.183746	0.000177
689	Processed_l20160821-023214-V0645_Cen-I.fit	2457621.606636	0.186543	0.000178
690	Processed_l20160821-023241-V0645_Cen-I.fit	2457621.606948	0.181583	0.000174
691	Processed_l20160821-023309-V0645_Cen-I.fit	2457621.607272	0.184823	0.000171
692	Processed_l20160821-023337-V0645_Cen-I.fit	2457621.607597	0.182169	0.000173
693	Processed_l20160821-023404-V0645_Cen-I.fit	2457621.607909	0.182963	0.000178
694	Processed_l20160821-023432-V0645_Cen-I.fit	2457621.608233	0.187651	0.000183
695	Processed_l20160821-023459-V0645_Cen-I.fit	2457621.608546	0.186902	0.000163
696	Processed_l20160821-023527-V0645_Cen-I.fit	2457621.608870	0.182205	0.000160
697	Processed_l20160821-023554-V0645_Cen-I.fit	2457621.609182	0.184035	0.000161
698	Processed_l20160821-023622-V0645_Cen-I.fit	2457621.609506	0.189004	0.000161
699	Processed_l20160821-023649-V0645_Cen-I.fit	2457621.609819	0.186651	0.000185
700	Processed_l20160821-023717-V0645_Cen-I.fit	2457621.610143	0.184453	0.000177
701	Processed_l20160821-023744-V0645_Cen-I.fit	2457621.610455	0.181807	0.000159
702	Processed_l20160821-023812-V0645_Cen-I.fit	2457621.610779	0.184435	0.000156
703	Processed_l20160821-023839-V0645_Cen-I.fit	2457621.611103	0.182612	0.000155
704	Processed_l20160821-023907-V0645_Cen-I.fit	2457621.611416	0.185076	0.000158
705	Processed_l20160821-023935-V0645_Cen-I.fit	2457621.611740	0.185099	0.000158
706	Processed_l20160821-024002-V0645_Cen-I.fit	2457621.612052	0.183212	0.000154
707	Processed_l20160821-024030-V0645_Cen-I.fit	2457621.612376	0.182463	0.000157
708	Processed_l20160821-024057-V0645_Cen-I.fit	2457621.612689	0.182753	0.000159
709	Processed_l20160821-024125-V0645_Cen-I.fit	2457621.613013	0.181259	0.000155
710	Processed_l20160821-024152-V0645_Cen-I.fit	2457621.613325	0.185743	0.000156
711	Processed_l20160821-024220-V0645_Cen-I.fit	2457621.613649	0.185635	0.000157
712	Processed_l20160821-024247-V0645_Cen-I.fit	2457621.613962	0.181357	0.000156
713	Processed_l20160821-024315-V0645_Cen-I.fit	2457621.614286	0.184962	0.000159
714	Processed_l20160821-024342-V0645_Cen-I.fit	2457621.614598	0.184245	0.000157
715	Processed_l20160821-024410-V0645_Cen-I.fit	2457621.614922	0.185460	0.000158
716	Processed_l20160821-024438-V0645_Cen-I.fit	2457621.615246	0.182767	0.000160
717	Processed_l20160821-024505-V0645_Cen-I.fit	2457621.615559	0.182772	0.000155
718	Processed_l20160821-024532-V0645_Cen-I.fit	2457621.615871	0.184232	0.000154
719	Processed_l20160821-024600-V0645_Cen-I.fit	2457621.616195	0.186943	0.000157
720	Processed_l20160821-024627-V0645_Cen-I.fit	2457621.616508	0.187877	0.000158
721	Processed_l20160821-024655-V0645_Cen-I.fit	2457621.616832	0.183710	0.000155
722	Processed_l20160821-024722-V0645_Cen-I.fit	2457621.617144	0.187834	0.000157
723	Processed_l20160821-024750-V0645_Cen-I.fit	2457621.617469	0.182216	0.000153
724	Processed_l20160821-024818-V0645_Cen-I.fit	2457621.617793	0.182881	0.000152
725	Processed_l20160821-024845-V0645_Cen-I.fit	2457621.618105	0.183782	0.000156
726	Processed_l20160821-024913-V0645_Cen-I.fit	2457621.618429	0.184780	0.000157
727	Processed_l20160821-024940-V0645_Cen-I.fit	2457621.618742	0.182505	0.000155
728	Processed_l20160821-025008-V0645_Cen-I.fit	2457621.619066	0.183644	0.000153
729	Processed_l20160821-025035-V0645_Cen-I.fit	2457621.619378	0.184328	0.000154
730	Processed_l20160821-025103-V0645_Cen-I.fit	2457621.619702	0.186543	0.000156
731	Processed_l20160821-025130-V0645_Cen-I.fit	2457621.620015	0.187845	0.000161
732	Processed_l20160821-025158-V0645_Cen-I.fit	2457621.620339	0.182546	0.000167
733	Processed_l20160821-025225-V0645_Cen-I.fit	2457621.620651	0.186084	0.000166
734	Processed_l20160821-025253-V0645_Cen-I.fit	2457621.620975	0.185126	0.000159
735	Processed_l20160821-025320-V0645_Cen-I.fit	2457621.621288	0.185030	0.000158
736	Processed_l20160821-025348-V0645_Cen-I.fit	2457621.621612	0.182523	0.000155
737	Processed_l20160821-025415-V0645_Cen-I.fit	2457621.621924	0.181644	0.000155
738	Processed_l20160821-025443-V0645_Cen-I.fit	2457621.622248	0.186978	0.000158
739	Processed_l20160821-025510-V0645_Cen-I.fit	2457621.622561	0.180320	0.000155
740	Processed_l20160821-025538-V0645_Cen-I.fit	2457621.622885	0.184608	0.000161
741	Processed_l20160821-025605-V0645_Cen-I.fit	2457621.623197	0.186151	0.000163
742	Processed_l20160821-025633-V0645_Cen-I.fit	2457621.623521	0.181556	0.000162
743	Processed_l20160821-025700-V0645_Cen-I.fit	2457621.623834	0.187966	0.000158
744	Processed_l20160821-025728-V0645_Cen-I.fit	2457621.624158	0.182565	0.000154
745	Processed_l20160821-025755-V0645_Cen-I.fit	2457621.624470	0.184984	0.000155
746	Processed_l20160821-025823-V0645_Cen-I.fit	2457621.624794	0.180731	0.000153
747	Processed_l20160821-025850-V0645_Cen-I.fit	2457621.625107	0.185319	0.000155
748	Processed_l20160821-025918-V0645_Cen-I.fit	2457621.625431	0.181610	0.000153
749	Processed_l20160821-025945-V0645_Cen-I.fit	2457621.625743	0.184054	0.000155
750	Processed_l20160821-030013-V0645_Cen-I.fit	2457621.626067	0.182184	0.000155
751	Processed_l20160821-030040-V0645_Cen-I.fit	2457621.626380	0.185077	0.000154
752	Processed_l20160821-030108-V0645_Cen-I.fit	2457621.626704	0.181228	0.000154
753	Processed_l20160821-030135-V0645_Cen-I.fit	2457621.627016	0.181823	0.000152
754	Processed_l20160821-030203-V0645_Cen-I.fit	2457621.627341	0.184401	0.000156
755	Processed_l20160821-030230-V0645_Cen-I.fit	2457621.627665	0.184176	0.000155
756	Processed_l20160821-030258-V0645_Cen-I.fit	2457621.627977	0.185140	0.000155
757	Processed_l20160821-030326-V0645_Cen-I.fit	2457621.628301	0.182069	0.000153
758	Processed_l20160821-030353-V0645_Cen-I.fit	2457621.628614	0.182889	0.000154
759	Processed_l20160821-030420-V0645_Cen-I.fit	2457621.628938	0.184166	0.000153
760	Processed_l20160821-030448-V0645_Cen-I.fit	2457621.629250	0.181040	0.000153
761	Processed_l20160821-030515-V0645_Cen-I.fit	2457621.629563	0.184015	0.000155
762	Processed_l20160821-030548-V0645_Cen-I.fit	2457621.629945	0.184086	0.000153
763	Processed_l20160821-030616-V0645_Cen-I.fit	2457621.630269	0.185056	0.000156
764	Processed_l20160821-030643-V0645_Cen-I.fit	2457621.630581	0.183858	0.000153
765	Processed_l20160821-030711-V0645_Cen-I.fit	2457621.630905	0.182696	0.000155
766	Processed_l20160821-030738-V0645_Cen-I.fit	2457621.631218	0.184017	0.000157
767	Processed_l20160821-030806-V0645_Cen-I.fit	2457621.631542	0.180746	0.000159
768	Processed_l20160821-030833-V0645_Cen-I.fit	2457621.631854	0.186705	0.000160
769	Processed_l20160821-030901-V0645_Cen-I.fit	2457621.632178	0.182001	0.000166
770	Processed_l20160821-030928-V0645_Cen-I.fit	2457621.632491	0.182077	0.000167
771	Processed_l20160821-030956-V0645_Cen-I.fit	2457621.632815	0.182253	0.000172
772	Processed_l20160821-031023-V0645_Cen-I.fit	2457621.633127	0.186171	0.000179
773	Processed_l20160821-031051-V0645_Cen-I.fit	2457621.633451	0.181198	0.000201
774	Processed_l20160821-031118-V0645_Cen-I.fit	2457621.633764	0.178616	0.000237
775	Processed_l20160821-031213-V0645_Cen-I.fit	2457621.634400	0.184566	0.000215
776	Processed_l20160821-031241-V0645_Cen-I.fit	2457621.634724	0.185726	0.000196
777	Processed_l20160821-031308-V0645_Cen-I.fit	2457621.635037	0.185902	0.000188
778	Processed_l20160821-031336-V0645_Cen-I.fit	2457621.635361	0.185036	0.000191
779	Processed_l20160821-031403-V0645_Cen-I.fit	2457621.635673	0.182828	0.000194
780	Processed_l20160821-031431-V0645_Cen-I.fit	2457621.635997	0.182355	0.000198
781	Processed_l20160821-031458-V0645_Cen-I.fit	2457621.636321	0.183813	0.000228
782	Processed_l20160821-031526-V0645_Cen-I.fit	2457621.636634	0.184978	0.000245
783	Processed_l20160821-031553-V0645_Cen-I.fit	2457621.636958	0.186936	0.000231
784	Processed_l20160821-031621-V0645_Cen-I.fit	2457621.637270	0.185332	0.000200
785	Processed_l20160821-031649-V0645_Cen-I.fit	2457621.637594	0.181472	0.000188
786	Processed_l20160821-031717-V0645_Cen-I.fit	2457621.637918	0.184590	0.000188
787	Processed_l20160821-031744-V0645_Cen-I.fit	2457621.638231	0.184337	0.000190
788	Processed_l20160821-031812-V0645_Cen-I.fit	2457621.638555	0.181944	0.000196
789	Processed_l20160821-031839-V0645_Cen-I.fit	2457621.638867	0.186306	0.000203
790	Processed_l20160821-031907-V0645_Cen-I.fit	2457621.639192	0.183999	0.000195
791	Processed_l20160821-031934-V0645_Cen-I.fit	2457621.639504	0.187607	0.000195
792	Processed_l20160821-032002-V0645_Cen-I.fit	2457621.639828	0.182712	0.000189
793	Processed_l20160821-032030-V0645_Cen-I.fit	2457621.640152	0.185773	0.000189
794	Processed_l20160821-032057-V0645_Cen-I.fit	2457621.640465	0.181896	0.000192
795	Processed_l20160821-032125-V0645_Cen-I.fit	2457621.640789	0.181268	0.000187
796	Processed_l20160821-032152-V0645_Cen-I.fit	2457621.641101	0.184826	0.000186
797	Processed_l20160821-032220-V0645_Cen-I.fit	2457621.641425	0.185347	0.000180
798	Processed_l20160821-032247-V0645_Cen-I.fit	2457621.641738	0.182561	0.000181
799	Processed_l20160821-032315-V0645_Cen-I.fit	2457621.642062	0.184153	0.000181
800	Processed_l20160821-032342-V0645_Cen-I.fit	2457621.642374	0.185370	0.000175
801	Processed_l20160821-032410-V0645_Cen-I.fit	2457621.642698	0.181483	0.000167
802	Processed_l20160821-032437-V0645_Cen-I.fit	2457621.643011	0.186029	0.000166
803	Processed_l20160821-032505-V0645_Cen-I.fit	2457621.643335	0.185268	0.000163
804	Processed_l20160821-032600-V0645_Cen-I.fit	2457621.643971	0.181316	0.000161
805	Processed_l20160821-032627-V0645_Cen-I.fit	2457621.644295	0.184594	0.000168
806	Processed_l20160821-032655-V0645_Cen-I.fit	2457621.644608	0.186125	0.000165
807	Processed_l20160821-032723-V0645_Cen-I.fit	2457621.644932	0.182223	0.000161
808	Processed_l20160821-032750-V0645_Cen-I.fit	2457621.645244	0.185100	0.000163
809	Processed_l20160821-032818-V0645_Cen-I.fit	2457621.645568	0.182339	0.000165
810	Processed_l20160821-032845-V0645_Cen-I.fit	2457621.645881	0.184841	0.000177
811	Processed_l20160821-032913-V0645_Cen-I.fit	2457621.646205	0.188115	0.000175
812	Processed_l20160821-032940-V0645_Cen-I.fit	2457621.646517	0.182767	0.000187
813	Processed_l20160821-033008-V0645_Cen-I.fit	2457621.646841	0.182953	0.000197
814	Processed_l20160821-033036-V0645_Cen-I.fit	2457621.647166	0.181809	0.000227
815	Processed_l20160821-033103-V0645_Cen-I.fit	2457621.647478	0.178373	0.000199
816	Processed_l20160821-033131-V0645_Cen-I.fit	2457621.647802	0.187567	0.000190
817	Processed_l20160821-033158-V0645_Cen-I.fit	2457621.648115	0.190321	0.000182
818	Processed_l20160821-033226-V0645_Cen-I.fit	2457621.648439	0.185872	0.000169
819	Processed_l20160821-033253-V0645_Cen-I.fit	2457621.648751	0.183421	0.000166
820	Processed_l20160821-033321-V0645_Cen-I.fit	2457621.649075	0.186610	0.000164
821	Processed_l20160821-033348-V0645_Cen-I.fit	2457621.649388	0.185767	0.000162
822	Processed_l20160821-033416-V0645_Cen-I.fit	2457621.649712	0.178110	0.000156
823	Processed_l20160821-033443-V0645_Cen-I.fit	2457621.650024	0.182960	0.000157
824	Processed_l20160821-033511-V0645_Cen-I.fit	2457621.650348	0.186442	0.000158
825	Processed_l20160821-033606-V0645_Cen-I.fit	2457621.650985	0.183743	0.000156
826	Processed_l20160821-033633-V0645_Cen-I.fit	2457621.651297	0.179413	0.000152
827	Processed_l20160821-033701-V0645_Cen-I.fit	2457621.651621	0.180800	0.000154
828	Processed_l20160821-033728-V0645_Cen-I.fit	2457621.651945	0.184209	0.000157
829	Processed_l20160821-033756-V0645_Cen-I.fit	2457621.652258	0.188472	0.000163
830	Processed_l20160821-033824-V0645_Cen-I.fit	2457621.652582	0.179139	0.000159
831	Processed_l20160821-033852-V0645_Cen-I.fit	2457621.652906	0.182407	0.000159
832	Processed_l20160821-033919-V0645_Cen-I.fit	2457621.653218	0.184497	0.000156
833	Processed_l20160821-033947-V0645_Cen-I.fit	2457621.653542	0.182536	0.000162
834	Processed_l20160821-034014-V0645_Cen-I.fit	2457621.653855	0.181143	0.000163
835	Processed_l20160821-034042-V0645_Cen-I.fit	2457621.654179	0.186730	0.000166
836	Processed_l20160821-034110-V0645_Cen-I.fit	2457621.654503	0.185911	0.000169
837	Processed_l20160821-034137-V0645_Cen-I.fit	2457621.654815	0.185264	0.000167
838	Processed_l20160821-034205-V0645_Cen-I.fit	2457621.655140	0.184244	0.000168
839	Processed_l20160821-034232-V0645_Cen-I.fit	2457621.655452	0.184710	0.000168
840	Processed_l20160821-034300-V0645_Cen-I.fit	2457621.655776	0.180809	0.000162
841	Processed_l20160821-034327-V0645_Cen-I.fit	2457621.656100	0.182193	0.000158
842	Processed_l20160821-034355-V0645_Cen-I.fit	2457621.656413	0.189010	0.000162
843	Processed_l20160821-034423-V0645_Cen-I.fit	2457621.656737	0.185351	0.000157
844	Processed_l20160821-034450-V0645_Cen-I.fit	2457621.657061	0.183160	0.000157
845	Processed_l20160821-034518-V0645_Cen-I.fit	2457621.657373	0.186421	0.000160
846	Processed_l20160821-034546-V0645_Cen-I.fit	2457621.657697	0.185930	0.000158
847	Processed_l20160821-034613-V0645_Cen-I.fit	2457621.658010	0.183093	0.000157
848	Processed_l20160821-034641-V0645_Cen-I.fit	2457621.658334	0.181647	0.000156
849	Processed_l20160821-034708-V0645_Cen-I.fit	2457621.658646	0.187081	0.000159
850	Processed_l20160821-034736-V0645_Cen-I.fit	2457621.658970	0.182690	0.000156
851	Processed_l20160821-034803-V0645_Cen-I.fit	2457621.659294	0.184437	0.000155
852	Processed_l20160821-034831-V0645_Cen-I.fit	2457621.659607	0.184557	0.000158
853	Processed_l20160821-034859-V0645_Cen-I.fit	2457621.659931	0.181093	0.000156
854	Processed_l20160821-034926-V0645_Cen-I.fit	2457621.660243	0.184199	0.000159
855	Processed_l20160821-034954-V0645_Cen-I.fit	2457621.660567	0.185224	0.000162
856	Processed_l20160821-035021-V0645_Cen-I.fit	2457621.660891	0.182843	0.000170
857	Processed_l20160821-035049-V0645_Cen-I.fit	2457621.661204	0.188352	0.000175
858	Processed_l20160821-035116-V0645_Cen-I.fit	2457621.661516	0.189597	0.000181
859	Processed_l20160821-035144-V0645_Cen-I.fit	2457621.661840	0.182942	0.000185
860	Processed_l20160821-035211-V0645_Cen-I.fit	2457621.662153	0.189702	0.000174
861	Processed_l20160821-035239-V0645_Cen-I.fit	2457621.662477	0.183535	0.000163
862	Processed_l20160821-035306-V0645_Cen-I.fit	2457621.662789	0.179060	0.000187
863	Processed_l20160821-035334-V0645_Cen-I.fit	2457621.663113	0.176795	0.000190
864	Processed_l20160821-035401-V0645_Cen-I.fit	2457621.663438	0.183145	0.000193
865	Processed_l20160821-035429-V0645_Cen-I.fit	2457621.663750	0.178899	0.000195
866	Processed_l20160821-035457-V0645_Cen-I.fit	2457621.664074	0.180017	0.000180
867	Processed_l20160821-035524-V0645_Cen-I.fit	2457621.664387	0.188192	0.000175
868	Processed_l20160821-035552-V0645_Cen-I.fit	2457621.664711	0.184153	0.000181
869	Processed_l20160821-035619-V0645_Cen-I.fit	2457621.665023	0.182843	0.000179
870	Processed_l20160821-035647-V0645_Cen-I.fit	2457621.665347	0.180550	0.000173
871	Processed_l20160821-035714-V0645_Cen-I.fit	2457621.665660	0.182210	0.000181
872	Processed_l20160821-035742-V0645_Cen-I.fit	2457621.665984	0.180197	0.000181
873	Processed_l20160821-035809-V0645_Cen-I.fit	2457621.666296	0.183785	0.000175
874	Processed_l20160821-035837-V0645_Cen-I.fit	2457621.666620	0.185368	0.000172
875	Processed_l20160821-035904-V0645_Cen-I.fit	2457621.666944	0.185747	0.000169
876	Processed_l20160821-035932-V0645_Cen-I.fit	2457621.667257	0.182239	0.000166
877	Processed_l20160821-035959-V0645_Cen-I.fit	2457621.667569	0.184182	0.000179
878	Processed_l20160821-040027-V0645_Cen-I.fit	2457621.667893	0.186582	0.000197
879	Processed_l20160821-040055-V0645_Cen-I.fit	2457621.668217	0.183388	0.000195
880	Processed_l20160821-040122-V0645_Cen-I.fit	2457621.668530	0.191453	0.000185
881	Processed_l20160821-040150-V0645_Cen-I.fit	2457621.668854	0.184059	0.000183
882	Processed_l20160821-040217-V0645_Cen-I.fit	2457621.669166	0.188023	0.000186
883	Processed_l20160821-040245-V0645_Cen-I.fit	2457621.669490	0.183454	0.000178
884	Processed_l20160821-040313-V0645_Cen-I.fit	2457621.669814	0.186091	0.000169
885	Processed_l20160821-040340-V0645_Cen-I.fit	2457621.670127	0.185575	0.000163
886	Processed_l20160821-040408-V0645_Cen-I.fit	2457621.670451	0.182667	0.000157
887	Processed_l20160821-040435-V0645_Cen-I.fit	2457621.670763	0.182807	0.000157
888	Processed_l20160821-040503-V0645_Cen-I.fit	2457621.671087	0.185740	0.000159
889	Processed_l20160821-040530-V0645_Cen-I.fit	2457621.671400	0.181539	0.000155
890	Processed_l20160821-040558-V0645_Cen-I.fit	2457621.671724	0.182081	0.000157
891	Processed_l20160821-040625-V0645_Cen-I.fit	2457621.672048	0.184417	0.000156
892	Processed_l20160821-040653-V0645_Cen-I.fit	2457621.672361	0.187349	0.000160
893	Processed_l20160821-040721-V0645_Cen-I.fit	2457621.672685	0.185231	0.000162
894	Processed_l20160821-040748-V0645_Cen-I.fit	2457621.672997	0.183276	0.000159
895	Processed_l20160821-040816-V0645_Cen-I.fit	2457621.673321	0.186071	0.000161
896	Processed_l20160821-040843-V0645_Cen-I.fit	2457621.673634	0.184985	0.000163
897	Processed_l20160821-040911-V0645_Cen-I.fit	2457621.673958	0.189379	0.000165
898	Processed_l20160821-040938-V0645_Cen-I.fit	2457621.674270	0.182322	0.000159
899	Processed_l20160821-041006-V0645_Cen-I.fit	2457621.674594	0.185362	0.000159
900	Processed_l20160821-041033-V0645_Cen-I.fit	2457621.674918	0.183335	0.000163
901	Processed_l20160821-041101-V0645_Cen-I.fit	2457621.675231	0.182786	0.000166
902	Processed_l20160821-041128-V0645_Cen-I.fit	2457621.675543	0.188646	0.000167
903	Processed_l20160821-041156-V0645_Cen-I.fit	2457621.675867	0.184690	0.000168
904	Processed_l20160821-041224-V0645_Cen-I.fit	2457621.676191	0.185851	0.000166
905	Processed_l20160821-041251-V0645_Cen-I.fit	2457621.676504	0.185572	0.000157
906	Processed_l20160821-041319-V0645_Cen-I.fit	2457621.676828	0.179529	0.000154
907	Processed_l20160821-041346-V0645_Cen-I.fit	2457621.677152	0.184074	0.000155
908	Processed_l20160821-041414-V0645_Cen-I.fit	2457621.677464	0.178491	0.000155
909	Processed_l20160821-041634-V0645_Cen-I.fit	2457621.679328	0.177012	0.000286
