#	Label	BJD_TDB	rel_flux_T1	rel_flux_err_T1
1	Processed_l20160818-233246-V0645_Cen-I.fit	2457619.482409	0.183448	0.000409
2	Processed_l20160818-233401-V0645_Cen-I.fit	2457619.483022	0.186563	0.000216
3	Processed_l20160818-233434-V0645_Cen-I.fit	2457619.483404	0.187025	0.000196
4	Processed_l20160818-233506-V0645_Cen-I.fit	2457619.483833	0.183732	0.000200
5	Processed_l20160818-233543-V0645_Cen-I.fit	2457619.484261	0.179003	0.000292
6	Processed_l20160818-233621-V0645_Cen-I.fit	2457619.484701	0.188815	0.000293
7	Processed_l20160818-233700-V0645_Cen-I.fit	2457619.485152	0.180733	0.000292
8	Processed_l20160818-233737-V0645_Cen-I.fit	2457619.485580	0.182249	0.000443
9	Processed_l20160818-233815-V0645_Cen-I.fit	2457619.486020	0.187039	0.000240
10	Processed_l20160818-233944-V0645_Cen-I.fit	2457619.487050	0.184280	0.000296
11	Processed_l20160818-234022-V0645_Cen-I.fit	2457619.487490	0.187520	0.000234
12	Processed_l20160818-234102-V0645_Cen-I.fit	2457619.487953	0.186503	0.000194
13	Processed_l20160818-234141-V0645_Cen-I.fit	2457619.488404	0.186455	0.000183
14	Processed_l20160818-234219-V0645_Cen-I.fit	2457619.488844	0.190088	0.000198
15	Processed_l20160818-234256-V0645_Cen-I.fit	2457619.489284	0.185678	0.000180
16	Processed_l20160818-234335-V0645_Cen-I.fit	2457619.489723	0.186818	0.000163
17	Processed_l20160818-234413-V0645_Cen-I.fit	2457619.490163	0.185617	0.000201
18	Processed_l20160818-234549-V0645_Cen-I.fit	2457619.491274	0.185618	0.000174
19	Processed_l20160818-234622-V0645_Cen-I.fit	2457619.491656	0.188597	0.000207
20	Processed_l20160818-234656-V0645_Cen-I.fit	2457619.492050	0.178913	0.000307
21	Processed_l20160818-234730-V0645_Cen-I.fit	2457619.492443	0.187901	0.000259
22	Processed_l20160818-234804-V0645_Cen-I.fit	2457619.492837	0.182657	0.000205
23	Processed_l20160818-234837-V0645_Cen-I.fit	2457619.493218	0.181276	0.000230
24	Processed_l20160818-234911-V0645_Cen-I.fit	2457619.493612	0.188175	0.000214
25	Processed_l20160818-234944-V0645_Cen-I.fit	2457619.494005	0.189373	0.000211
26	Processed_l20160818-235018-V0645_Cen-I.fit	2457619.494387	0.188738	0.000219
27	Processed_l20160818-235052-V0645_Cen-I.fit	2457619.494781	0.189018	0.000292
28	Processed_l20160818-235126-V0645_Cen-I.fit	2457619.495174	0.180874	0.000312
29	Processed_l20160818-235200-V0645_Cen-I.fit	2457619.495568	0.180322	0.000314
30	Processed_l20160818-235233-V0645_Cen-I.fit	2457619.495950	0.181650	0.000387
31	Processed_l20160818-235307-V0645_Cen-I.fit	2457619.496343	0.183712	0.000236
32	Processed_l20160818-235340-V0645_Cen-I.fit	2457619.496725	0.187167	0.000214
33	Processed_l20160818-235415-V0645_Cen-I.fit	2457619.497130	0.184757	0.000189
34	Processed_l20160818-235448-V0645_Cen-I.fit	2457619.497512	0.185737	0.000174
35	Processed_l20160818-235522-V0645_Cen-I.fit	2457619.497906	0.185918	0.000217
36	Processed_l20160818-235556-V0645_Cen-I.fit	2457619.498299	0.186480	0.000185
37	Processed_l20160818-235629-V0645_Cen-I.fit	2457619.498681	0.188273	0.000172
38	Processed_l20160818-235703-V0645_Cen-I.fit	2457619.499075	0.186718	0.000178
39	Processed_l20160818-235736-V0645_Cen-I.fit	2457619.499468	0.183638	0.000205
40	Processed_l20160818-235810-V0645_Cen-I.fit	2457619.499850	0.184327	0.000220
41	Processed_l20160818-235844-V0645_Cen-I.fit	2457619.500243	0.186543	0.000236
42	Processed_l20160818-235918-V0645_Cen-I.fit	2457619.500637	0.179011	0.000274
43	Processed_l20160818-235952-V0645_Cen-I.fit	2457619.501030	0.192689	0.000281
44	Processed_l20160819-000026-V0645_Cen-I.fit	2457619.501424	0.179167	0.000618
45	Processed_l20160819-000100-V0645_Cen-I.fit	2457619.501817	0.180832	0.000402
46	Processed_l20160819-000133-V0645_Cen-I.fit	2457619.502211	0.178712	0.000357
47	Processed_l20160819-000207-V0645_Cen-I.fit	2457619.502593	0.174464	0.000628
48	Processed_l20160819-000241-V0645_Cen-I.fit	2457619.502986	0.180636	0.000432
49	Processed_l20160819-000315-V0645_Cen-I.fit	2457619.503380	0.178682	0.000371
50	Processed_l20160819-000349-V0645_Cen-I.fit	2457619.503773	0.187129	0.000414
51	Processed_l20160819-000423-V0645_Cen-I.fit	2457619.504167	0.189216	0.000242
52	Processed_l20160819-000456-V0645_Cen-I.fit	2457619.504549	0.186911	0.000283
53	Processed_l20160819-000530-V0645_Cen-I.fit	2457619.504942	0.187928	0.000233
54	Processed_l20160819-000603-V0645_Cen-I.fit	2457619.505336	0.183779	0.000264
55	Processed_l20160819-000637-V0645_Cen-I.fit	2457619.505718	0.184795	0.000232
56	Processed_l20160819-000711-V0645_Cen-I.fit	2457619.506111	0.185941	0.000202
57	Processed_l20160819-000744-V0645_Cen-I.fit	2457619.506493	0.182977	0.000163
58	Processed_l20160819-000818-V0645_Cen-I.fit	2457619.506898	0.184296	0.000162
59	Processed_l20160819-000852-V0645_Cen-I.fit	2457619.507280	0.184765	0.000162
60	Processed_l20160819-000925-V0645_Cen-I.fit	2457619.507662	0.182655	0.000183
61	Processed_l20160819-000959-V0645_Cen-I.fit	2457619.508055	0.183066	0.000212
62	Processed_l20160819-001033-V0645_Cen-I.fit	2457619.508449	0.186252	0.000196
63	Processed_l20160819-001107-V0645_Cen-I.fit	2457619.508842	0.185431	0.000201
64	Processed_l20160819-001141-V0645_Cen-I.fit	2457619.509236	0.181715	0.000182
65	Processed_l20160819-001215-V0645_Cen-I.fit	2457619.509629	0.183966	0.000177
66	Processed_l20160819-001249-V0645_Cen-I.fit	2457619.510023	0.184922	0.000167
67	Processed_l20160819-001322-V0645_Cen-I.fit	2457619.510405	0.186636	0.000191
68	Processed_l20160819-001356-V0645_Cen-I.fit	2457619.510798	0.185310	0.000240
69	Processed_l20160819-001430-V0645_Cen-I.fit	2457619.511192	0.181431	0.000309
70	Processed_l20160819-001503-V0645_Cen-I.fit	2457619.511574	0.185695	0.000278
71	Processed_l20160819-001537-V0645_Cen-I.fit	2457619.511967	0.180113	0.000434
72	Processed_l20160819-001611-V0645_Cen-I.fit	2457619.512361	0.185796	0.000276
73	Processed_l20160819-001644-V0645_Cen-I.fit	2457619.512743	0.187802	0.000333
74	Processed_l20160819-001718-V0645_Cen-I.fit	2457619.513136	0.184809	0.000208
75	Processed_l20160819-001752-V0645_Cen-I.fit	2457619.513530	0.189081	0.000209
76	Processed_l20160819-001826-V0645_Cen-I.fit	2457619.513923	0.180762	0.000170
77	Processed_l20160819-001900-V0645_Cen-I.fit	2457619.514317	0.184487	0.000152
78	Processed_l20160819-001934-V0645_Cen-I.fit	2457619.514710	0.186516	0.000154
79	Processed_l20160819-002007-V0645_Cen-I.fit	2457619.515103	0.186828	0.000158
80	Processed_l20160819-002041-V0645_Cen-I.fit	2457619.515485	0.186292	0.000180
81	Processed_l20160819-002114-V0645_Cen-I.fit	2457619.515879	0.182457	0.000166
82	Processed_l20160819-002148-V0645_Cen-I.fit	2457619.516261	0.181476	0.000163
83	Processed_l20160819-002222-V0645_Cen-I.fit	2457619.516654	0.185829	0.000201
84	Processed_l20160819-002255-V0645_Cen-I.fit	2457619.517036	0.184742	0.000168
85	Processed_l20160819-002329-V0645_Cen-I.fit	2457619.517430	0.183114	0.000164
86	Processed_l20160819-002403-V0645_Cen-I.fit	2457619.517823	0.186435	0.000171
87	Processed_l20160819-002437-V0645_Cen-I.fit	2457619.518217	0.184213	0.000179
88	Processed_l20160819-002510-V0645_Cen-I.fit	2457619.518599	0.189727	0.000189
89	Processed_l20160819-002544-V0645_Cen-I.fit	2457619.518992	0.187149	0.000197
90	Processed_l20160819-002617-V0645_Cen-I.fit	2457619.519374	0.182106	0.000165
91	Processed_l20160819-002651-V0645_Cen-I.fit	2457619.519768	0.184506	0.000162
92	Processed_l20160819-002725-V0645_Cen-I.fit	2457619.520161	0.186074	0.000159
93	Processed_l20160819-002759-V0645_Cen-I.fit	2457619.520554	0.187654	0.000160
94	Processed_l20160819-002832-V0645_Cen-I.fit	2457619.520936	0.182796	0.000159
95	Processed_l20160819-002905-V0645_Cen-I.fit	2457619.521330	0.184422	0.000153
96	Processed_l20160819-002939-V0645_Cen-I.fit	2457619.521712	0.182820	0.000154
97	Processed_l20160819-003012-V0645_Cen-I.fit	2457619.522094	0.184702	0.000152
98	Processed_l20160819-003046-V0645_Cen-I.fit	2457619.522487	0.183732	0.000152
99	Processed_l20160819-003119-V0645_Cen-I.fit	2457619.522869	0.182392	0.000151
100	Processed_l20160819-003152-V0645_Cen-I.fit	2457619.523251	0.186527	0.000152
101	Processed_l20160819-003225-V0645_Cen-I.fit	2457619.523633	0.186626	0.000155
102	Processed_l20160819-003259-V0645_Cen-I.fit	2457619.524026	0.182507	0.000160
103	Processed_l20160819-003332-V0645_Cen-I.fit	2457619.524408	0.185333	0.000156
104	Processed_l20160819-003406-V0645_Cen-I.fit	2457619.524802	0.186995	0.000155
105	Processed_l20160819-003439-V0645_Cen-I.fit	2457619.525184	0.184787	0.000153
106	Processed_l20160819-003512-V0645_Cen-I.fit	2457619.525577	0.185949	0.000155
107	Processed_l20160819-003546-V0645_Cen-I.fit	2457619.525959	0.184764	0.000153
108	Processed_l20160819-003619-V0645_Cen-I.fit	2457619.526341	0.180488	0.000152
109	Processed_l20160819-003653-V0645_Cen-I.fit	2457619.526735	0.184203	0.000155
110	Processed_l20160819-003726-V0645_Cen-I.fit	2457619.527117	0.186068	0.000152
111	Processed_l20160819-003800-V0645_Cen-I.fit	2457619.527510	0.182165	0.000151
112	Processed_l20160819-003833-V0645_Cen-I.fit	2457619.527892	0.182374	0.000153
113	Processed_l20160819-003906-V0645_Cen-I.fit	2457619.528274	0.185612	0.000153
114	Processed_l20160819-003940-V0645_Cen-I.fit	2457619.528667	0.186605	0.000151
115	Processed_l20160819-004013-V0645_Cen-I.fit	2457619.529061	0.186473	0.000151
116	Processed_l20160819-004047-V0645_Cen-I.fit	2457619.529443	0.184807	0.000172
117	Processed_l20160819-004121-V0645_Cen-I.fit	2457619.529836	0.185748	0.000151
118	Processed_l20160819-004155-V0645_Cen-I.fit	2457619.530230	0.184228	0.000151
119	Processed_l20160819-004228-V0645_Cen-I.fit	2457619.530612	0.186015	0.000152
120	Processed_l20160819-004301-V0645_Cen-I.fit	2457619.530994	0.185346	0.000151
121	Processed_l20160819-004335-V0645_Cen-I.fit	2457619.531387	0.185125	0.000156
122	Processed_l20160819-004408-V0645_Cen-I.fit	2457619.531769	0.186241	0.000152
123	Processed_l20160819-004442-V0645_Cen-I.fit	2457619.532162	0.185813	0.000153
124	Processed_l20160819-004515-V0645_Cen-I.fit	2457619.532544	0.185779	0.000155
125	Processed_l20160819-004548-V0645_Cen-I.fit	2457619.532926	0.187262	0.000152
126	Processed_l20160819-004622-V0645_Cen-I.fit	2457619.533320	0.182183	0.000151
127	Processed_l20160819-004655-V0645_Cen-I.fit	2457619.533702	0.184655	0.000154
128	Processed_l20160819-004729-V0645_Cen-I.fit	2457619.534095	0.184489	0.000151
129	Processed_l20160819-004802-V0645_Cen-I.fit	2457619.534477	0.184130	0.000165
130	Processed_l20160819-004835-V0645_Cen-I.fit	2457619.534871	0.184760	0.000187
131	Processed_l20160819-004909-V0645_Cen-I.fit	2457619.535253	0.184083	0.000160
132	Processed_l20160819-004942-V0645_Cen-I.fit	2457619.535634	0.185690	0.000160
133	Processed_l20160819-005016-V0645_Cen-I.fit	2457619.536028	0.185774	0.000162
134	Processed_l20160819-005049-V0645_Cen-I.fit	2457619.536410	0.186240	0.000163
135	Processed_l20160819-005123-V0645_Cen-I.fit	2457619.536803	0.187806	0.000160
136	Processed_l20160819-005157-V0645_Cen-I.fit	2457619.537197	0.184756	0.000153
137	Processed_l20160819-005230-V0645_Cen-I.fit	2457619.537579	0.179867	0.000213
138	Processed_l20160819-005304-V0645_Cen-I.fit	2457619.537972	0.185256	0.000174
139	Processed_l20160819-005337-V0645_Cen-I.fit	2457619.538366	0.184664	0.000182
140	Processed_l20160819-005411-V0645_Cen-I.fit	2457619.538748	0.187196	0.000172
141	Processed_l20160819-005444-V0645_Cen-I.fit	2457619.539130	0.187175	0.000158
142	Processed_l20160819-005517-V0645_Cen-I.fit	2457619.539512	0.185909	0.000151
143	Processed_l20160819-005550-V0645_Cen-I.fit	2457619.539893	0.184501	0.000150
144	Processed_l20160819-005622-V0645_Cen-I.fit	2457619.540264	0.184958	0.000150
145	Processed_l20160819-005656-V0645_Cen-I.fit	2457619.540657	0.185227	0.000152
146	Processed_l20160819-005728-V0645_Cen-I.fit	2457619.541028	0.184384	0.000150
147	Processed_l20160819-005801-V0645_Cen-I.fit	2457619.541410	0.181314	0.000213
148	Processed_l20160819-005834-V0645_Cen-I.fit	2457619.541791	0.185432	0.000188
149	Processed_l20160819-005906-V0645_Cen-I.fit	2457619.542162	0.186305	0.000155
150	Processed_l20160819-005940-V0645_Cen-I.fit	2457619.542555	0.186205	0.000157
151	Processed_l20160819-010013-V0645_Cen-I.fit	2457619.542937	0.184584	0.000161
152	Processed_l20160819-010051-V0645_Cen-I.fit	2457619.543389	0.185388	0.000163
153	Processed_l20160819-010125-V0645_Cen-I.fit	2457619.543770	0.185791	0.000150
154	Processed_l20160819-010159-V0645_Cen-I.fit	2457619.544164	0.186404	0.000152
155	Processed_l20160819-010232-V0645_Cen-I.fit	2457619.544546	0.186560	0.000150
156	Processed_l20160819-010305-V0645_Cen-I.fit	2457619.544928	0.184861	0.000150
157	Processed_l20160819-010338-V0645_Cen-I.fit	2457619.545310	0.184102	0.000163
158	Processed_l20160819-010412-V0645_Cen-I.fit	2457619.545703	0.185751	0.000158
159	Processed_l20160819-010445-V0645_Cen-I.fit	2457619.546085	0.183509	0.000152
160	Processed_l20160819-010518-V0645_Cen-I.fit	2457619.546467	0.186194	0.000153
161	Processed_l20160819-010552-V0645_Cen-I.fit	2457619.546861	0.185884	0.000152
162	Processed_l20160819-010625-V0645_Cen-I.fit	2457619.547242	0.186891	0.000181
163	Processed_l20160819-010658-V0645_Cen-I.fit	2457619.547624	0.184899	0.000151
164	Processed_l20160819-010730-V0645_Cen-I.fit	2457619.547995	0.185818	0.000153
165	Processed_l20160819-010804-V0645_Cen-I.fit	2457619.548388	0.186882	0.000154
166	Processed_l20160819-010837-V0645_Cen-I.fit	2457619.548770	0.185050	0.000153
167	Processed_l20160819-010909-V0645_Cen-I.fit	2457619.549140	0.186973	0.000153
168	Processed_l20160819-010942-V0645_Cen-I.fit	2457619.549522	0.186109	0.000186
169	Processed_l20160819-011015-V0645_Cen-I.fit	2457619.549904	0.186550	0.000158
170	Processed_l20160819-011047-V0645_Cen-I.fit	2457619.550275	0.185416	0.000161
171	Processed_l20160819-011120-V0645_Cen-I.fit	2457619.550657	0.186352	0.000186
172	Processed_l20160819-011153-V0645_Cen-I.fit	2457619.551038	0.186329	0.000186
173	Processed_l20160819-011227-V0645_Cen-I.fit	2457619.551432	0.184955	0.000160
174	Processed_l20160819-011259-V0645_Cen-I.fit	2457619.551802	0.187105	0.000168
175	Processed_l20160819-011333-V0645_Cen-I.fit	2457619.552196	0.183371	0.000159
176	Processed_l20160819-011405-V0645_Cen-I.fit	2457619.552566	0.185813	0.000191
177	Processed_l20160819-011439-V0645_Cen-I.fit	2457619.552960	0.184341	0.000158
178	Processed_l20160819-011511-V0645_Cen-I.fit	2457619.553342	0.185914	0.000177
179	Processed_l20160819-011545-V0645_Cen-I.fit	2457619.553723	0.186672	0.000164
180	Processed_l20160819-011617-V0645_Cen-I.fit	2457619.554094	0.188448	0.000175
181	Processed_l20160819-011650-V0645_Cen-I.fit	2457619.554476	0.187791	0.000164
182	Processed_l20160819-011723-V0645_Cen-I.fit	2457619.554858	0.185784	0.000167
183	Processed_l20160819-011756-V0645_Cen-I.fit	2457619.555251	0.187857	0.000161
184	Processed_l20160819-011829-V0645_Cen-I.fit	2457619.555621	0.185422	0.000153
185	Processed_l20160819-011903-V0645_Cen-I.fit	2457619.556015	0.186912	0.000162
186	Processed_l20160819-011935-V0645_Cen-I.fit	2457619.556385	0.188122	0.000157
187	Processed_l20160819-012008-V0645_Cen-I.fit	2457619.556779	0.184140	0.000149
188	Processed_l20160819-012041-V0645_Cen-I.fit	2457619.557149	0.185102	0.000150
189	Processed_l20160819-012114-V0645_Cen-I.fit	2457619.557531	0.186043	0.000152
190	Processed_l20160819-012147-V0645_Cen-I.fit	2457619.557913	0.185453	0.000150
191	Processed_l20160819-012219-V0645_Cen-I.fit	2457619.558295	0.185068	0.000150
192	Processed_l20160819-012253-V0645_Cen-I.fit	2457619.558677	0.186550	0.000154
193	Processed_l20160819-012325-V0645_Cen-I.fit	2457619.559059	0.189701	0.000152
194	Processed_l20160819-012358-V0645_Cen-I.fit	2457619.559429	0.185148	0.000156
195	Processed_l20160819-012431-V0645_Cen-I.fit	2457619.559811	0.183714	0.000149
196	Processed_l20160819-012504-V0645_Cen-I.fit	2457619.560193	0.185258	0.000151
197	Processed_l20160819-012537-V0645_Cen-I.fit	2457619.560575	0.184186	0.000152
198	Processed_l20160819-012610-V0645_Cen-I.fit	2457619.560957	0.187217	0.000152
199	Processed_l20160819-012643-V0645_Cen-I.fit	2457619.561339	0.184241	0.000151
200	Processed_l20160819-012716-V0645_Cen-I.fit	2457619.561721	0.183061	0.000190
201	Processed_l20160819-012748-V0645_Cen-I.fit	2457619.562091	0.185134	0.000151
202	Processed_l20160819-012822-V0645_Cen-I.fit	2457619.562484	0.185947	0.000152
203	Processed_l20160819-012854-V0645_Cen-I.fit	2457619.562855	0.187155	0.000153
204	Processed_l20160819-012927-V0645_Cen-I.fit	2457619.563237	0.185977	0.000153
205	Processed_l20160819-013000-V0645_Cen-I.fit	2457619.563630	0.185384	0.000154
206	Processed_l20160819-013033-V0645_Cen-I.fit	2457619.564001	0.187036	0.000156
207	Processed_l20160819-013106-V0645_Cen-I.fit	2457619.564382	0.185021	0.000153
208	Processed_l20160819-013140-V0645_Cen-I.fit	2457619.564776	0.186971	0.000154
209	Processed_l20160819-013213-V0645_Cen-I.fit	2457619.565158	0.186965	0.000155
210	Processed_l20160819-013247-V0645_Cen-I.fit	2457619.565551	0.186937	0.000154
211	Processed_l20160819-013321-V0645_Cen-I.fit	2457619.565945	0.187332	0.000155
212	Processed_l20160819-013354-V0645_Cen-I.fit	2457619.566327	0.185445	0.000152
213	Processed_l20160819-013427-V0645_Cen-I.fit	2457619.566709	0.186564	0.000153
214	Processed_l20160819-013459-V0645_Cen-I.fit	2457619.567079	0.186731	0.000154
215	Processed_l20160819-013533-V0645_Cen-I.fit	2457619.567473	0.183905	0.000151
216	Processed_l20160819-013607-V0645_Cen-I.fit	2457619.567866	0.184285	0.000150
217	Processed_l20160819-013639-V0645_Cen-I.fit	2457619.568248	0.186043	0.000153
218	Processed_l20160819-013712-V0645_Cen-I.fit	2457619.568618	0.183126	0.000151
219	Processed_l20160819-013744-V0645_Cen-I.fit	2457619.568989	0.187095	0.000153
220	Processed_l20160819-013817-V0645_Cen-I.fit	2457619.569371	0.182690	0.000152
221	Processed_l20160819-013849-V0645_Cen-I.fit	2457619.569741	0.185138	0.000151
222	Processed_l20160819-013923-V0645_Cen-I.fit	2457619.570134	0.184352	0.000151
223	Processed_l20160819-013957-V0645_Cen-I.fit	2457619.570528	0.187048	0.000153
224	Processed_l20160819-014031-V0645_Cen-I.fit	2457619.570921	0.184364	0.000150
225	Processed_l20160819-014104-V0645_Cen-I.fit	2457619.571303	0.185389	0.000178
226	Processed_l20160819-014137-V0645_Cen-I.fit	2457619.571685	0.183849	0.000150
227	Processed_l20160819-014210-V0645_Cen-I.fit	2457619.572067	0.183493	0.000149
228	Processed_l20160819-014242-V0645_Cen-I.fit	2457619.572437	0.185068	0.000150
229	Processed_l20160819-014316-V0645_Cen-I.fit	2457619.572831	0.185596	0.000151
230	Processed_l20160819-014349-V0645_Cen-I.fit	2457619.573213	0.187265	0.000152
231	Processed_l20160819-014423-V0645_Cen-I.fit	2457619.573606	0.183848	0.000150
232	Processed_l20160819-014456-V0645_Cen-I.fit	2457619.573988	0.186757	0.000152
233	Processed_l20160819-014529-V0645_Cen-I.fit	2457619.574370	0.185454	0.000150
234	Processed_l20160819-014602-V0645_Cen-I.fit	2457619.574752	0.184716	0.000152
235	Processed_l20160819-014635-V0645_Cen-I.fit	2457619.575134	0.186386	0.000151
236	Processed_l20160819-014707-V0645_Cen-I.fit	2457619.575504	0.185154	0.000151
237	Processed_l20160819-014740-V0645_Cen-I.fit	2457619.575886	0.187620	0.000153
238	Processed_l20160819-014812-V0645_Cen-I.fit	2457619.576257	0.184241	0.000150
239	Processed_l20160819-014845-V0645_Cen-I.fit	2457619.576639	0.183303	0.000151
240	Processed_l20160819-014918-V0645_Cen-I.fit	2457619.577020	0.187229	0.000152
241	Processed_l20160819-014950-V0645_Cen-I.fit	2457619.577391	0.183510	0.000152
242	Processed_l20160819-015023-V0645_Cen-I.fit	2457619.577773	0.184123	0.000152
243	Processed_l20160819-015056-V0645_Cen-I.fit	2457619.578155	0.186176	0.000152
244	Processed_l20160819-015129-V0645_Cen-I.fit	2457619.578537	0.186366	0.000174
245	Processed_l20160819-015202-V0645_Cen-I.fit	2457619.578918	0.184118	0.000152
246	Processed_l20160819-015235-V0645_Cen-I.fit	2457619.579300	0.185873	0.000153
247	Processed_l20160819-015308-V0645_Cen-I.fit	2457619.579682	0.186334	0.000155
248	Processed_l20160819-015341-V0645_Cen-I.fit	2457619.580064	0.185098	0.000154
249	Processed_l20160819-015414-V0645_Cen-I.fit	2457619.580446	0.183248	0.000154
250	Processed_l20160819-015447-V0645_Cen-I.fit	2457619.580828	0.187578	0.000153
251	Processed_l20160819-015521-V0645_Cen-I.fit	2457619.581222	0.186045	0.000153
252	Processed_l20160819-015554-V0645_Cen-I.fit	2457619.581603	0.186316	0.000154
253	Processed_l20160819-015627-V0645_Cen-I.fit	2457619.581985	0.186532	0.000155
254	Processed_l20160819-015659-V0645_Cen-I.fit	2457619.582356	0.184728	0.000153
255	Processed_l20160819-015732-V0645_Cen-I.fit	2457619.582749	0.188035	0.000155
256	Processed_l20160819-015806-V0645_Cen-I.fit	2457619.583131	0.187278	0.000155
257	Processed_l20160819-015839-V0645_Cen-I.fit	2457619.583513	0.186687	0.000155
258	Processed_l20160819-015912-V0645_Cen-I.fit	2457619.583895	0.183743	0.000154
259	Processed_l20160819-015944-V0645_Cen-I.fit	2457619.584265	0.185925	0.000155
260	Processed_l20160819-020017-V0645_Cen-I.fit	2457619.584647	0.186838	0.000154
261	Processed_l20160819-020050-V0645_Cen-I.fit	2457619.585029	0.186092	0.000155
262	Processed_l20160819-020123-V0645_Cen-I.fit	2457619.585411	0.184087	0.000153
263	Processed_l20160819-020156-V0645_Cen-I.fit	2457619.585793	0.185808	0.000156
264	Processed_l20160819-020229-V0645_Cen-I.fit	2457619.586175	0.184928	0.000156
265	Processed_l20160819-020302-V0645_Cen-I.fit	2457619.586557	0.187753	0.000157
266	Processed_l20160819-020334-V0645_Cen-I.fit	2457619.586927	0.185390	0.000157
267	Processed_l20160819-020407-V0645_Cen-I.fit	2457619.587309	0.185526	0.000156
268	Processed_l20160819-020440-V0645_Cen-I.fit	2457619.587691	0.183867	0.000154
269	Processed_l20160819-020513-V0645_Cen-I.fit	2457619.588073	0.186163	0.000155
270	Processed_l20160819-020546-V0645_Cen-I.fit	2457619.588455	0.187336	0.000153
271	Processed_l20160819-020619-V0645_Cen-I.fit	2457619.588837	0.182136	0.000150
272	Processed_l20160819-020651-V0645_Cen-I.fit	2457619.589207	0.185260	0.000153
273	Processed_l20160819-020724-V0645_Cen-I.fit	2457619.589589	0.186269	0.000155
274	Processed_l20160819-020758-V0645_Cen-I.fit	2457619.589983	0.187837	0.000155
275	Processed_l20160819-020831-V0645_Cen-I.fit	2457619.590364	0.185148	0.000155
276	Processed_l20160819-020903-V0645_Cen-I.fit	2457619.590735	0.182134	0.000154
277	Processed_l20160819-020936-V0645_Cen-I.fit	2457619.591117	0.184954	0.000154
278	Processed_l20160819-021009-V0645_Cen-I.fit	2457619.591499	0.184977	0.000154
279	Processed_l20160819-021043-V0645_Cen-I.fit	2457619.591892	0.186882	0.000153
280	Processed_l20160819-021115-V0645_Cen-I.fit	2457619.592274	0.186523	0.000155
281	Processed_l20160819-021148-V0645_Cen-I.fit	2457619.592644	0.184206	0.000154
282	Processed_l20160819-021221-V0645_Cen-I.fit	2457619.593026	0.188838	0.000156
283	Processed_l20160819-021254-V0645_Cen-I.fit	2457619.593408	0.183595	0.000154
284	Processed_l20160819-021326-V0645_Cen-I.fit	2457619.593779	0.185503	0.000155
285	Processed_l20160819-021359-V0645_Cen-I.fit	2457619.594160	0.186153	0.000154
286	Processed_l20160819-021431-V0645_Cen-I.fit	2457619.594531	0.184980	0.000155
287	Processed_l20160819-021504-V0645_Cen-I.fit	2457619.594913	0.184873	0.000155
288	Processed_l20160819-021537-V0645_Cen-I.fit	2457619.595295	0.186137	0.000155
289	Processed_l20160819-021610-V0645_Cen-I.fit	2457619.595677	0.187087	0.000155
290	Processed_l20160819-021643-V0645_Cen-I.fit	2457619.596058	0.185958	0.000155
291	Processed_l20160819-021716-V0645_Cen-I.fit	2457619.596440	0.188315	0.000157
292	Processed_l20160819-021748-V0645_Cen-I.fit	2457619.596811	0.184878	0.000157
293	Processed_l20160819-021821-V0645_Cen-I.fit	2457619.597193	0.186730	0.000156
294	Processed_l20160819-021854-V0645_Cen-I.fit	2457619.597575	0.184443	0.000156
295	Processed_l20160819-021927-V0645_Cen-I.fit	2457619.597957	0.185123	0.000156
296	Processed_l20160819-022000-V0645_Cen-I.fit	2457619.598338	0.187745	0.000157
297	Processed_l20160819-022033-V0645_Cen-I.fit	2457619.598720	0.184029	0.000155
298	Processed_l20160819-022105-V0645_Cen-I.fit	2457619.599102	0.184603	0.000155
299	Processed_l20160819-022138-V0645_Cen-I.fit	2457619.599473	0.185550	0.000155
300	Processed_l20160819-022211-V0645_Cen-I.fit	2457619.599855	0.185123	0.000153
301	Processed_l20160819-022245-V0645_Cen-I.fit	2457619.600248	0.184372	0.000156
302	Processed_l20160819-022324-V0645_Cen-I.fit	2457619.600699	0.183300	0.000153
303	Processed_l20160819-022357-V0645_Cen-I.fit	2457619.601081	0.185214	0.000154
304	Processed_l20160819-022430-V0645_Cen-I.fit	2457619.601463	0.190190	0.000155
305	Processed_l20160819-022503-V0645_Cen-I.fit	2457619.601845	0.187713	0.000157
306	Processed_l20160819-022536-V0645_Cen-I.fit	2457619.602227	0.187647	0.000157
307	Processed_l20160819-022609-V0645_Cen-I.fit	2457619.602609	0.184821	0.000156
308	Processed_l20160819-022642-V0645_Cen-I.fit	2457619.602991	0.185019	0.000156
309	Processed_l20160819-022715-V0645_Cen-I.fit	2457619.603373	0.183929	0.000154
310	Processed_l20160819-022747-V0645_Cen-I.fit	2457619.603743	0.186106	0.000156
311	Processed_l20160819-022821-V0645_Cen-I.fit	2457619.604137	0.182045	0.000155
312	Processed_l20160819-022853-V0645_Cen-I.fit	2457619.604507	0.185833	0.000155
313	Processed_l20160819-022926-V0645_Cen-I.fit	2457619.604889	0.189479	0.000158
314	Processed_l20160819-022958-V0645_Cen-I.fit	2457619.605259	0.184753	0.000154
315	Processed_l20160819-023031-V0645_Cen-I.fit	2457619.605641	0.185508	0.000152
316	Processed_l20160819-023103-V0645_Cen-I.fit	2457619.606012	0.183572	0.000151
317	Processed_l20160819-023136-V0645_Cen-I.fit	2457619.606393	0.185793	0.000153
318	Processed_l20160819-023209-V0645_Cen-I.fit	2457619.606775	0.183899	0.000155
319	Processed_l20160819-023241-V0645_Cen-I.fit	2457619.607146	0.185818	0.000154
320	Processed_l20160819-023315-V0645_Cen-I.fit	2457619.607539	0.187080	0.000155
321	Processed_l20160819-023347-V0645_Cen-I.fit	2457619.607910	0.185744	0.000156
322	Processed_l20160819-023420-V0645_Cen-I.fit	2457619.608291	0.182643	0.000154
323	Processed_l20160819-023454-V0645_Cen-I.fit	2457619.608685	0.185298	0.000154
324	Processed_l20160819-023527-V0645_Cen-I.fit	2457619.609067	0.182957	0.000153
325	Processed_l20160819-023600-V0645_Cen-I.fit	2457619.609449	0.182929	0.000152
326	Processed_l20160819-023633-V0645_Cen-I.fit	2457619.609831	0.187404	0.000156
327	Processed_l20160819-023706-V0645_Cen-I.fit	2457619.610213	0.187267	0.000154
328	Processed_l20160819-023739-V0645_Cen-I.fit	2457619.610595	0.188753	0.000155
329	Processed_l20160819-023812-V0645_Cen-I.fit	2457619.610976	0.186852	0.000154
330	Processed_l20160819-023845-V0645_Cen-I.fit	2457619.611358	0.184795	0.000153
331	Processed_l20160819-023918-V0645_Cen-I.fit	2457619.611740	0.186130	0.000154
332	Processed_l20160819-023951-V0645_Cen-I.fit	2457619.612122	0.184145	0.000154
333	Processed_l20160819-024024-V0645_Cen-I.fit	2457619.612504	0.185550	0.000156
334	Processed_l20160819-024058-V0645_Cen-I.fit	2457619.612898	0.186530	0.000156
335	Processed_l20160819-024131-V0645_Cen-I.fit	2457619.613280	0.185096	0.000155
336	Processed_l20160819-024204-V0645_Cen-I.fit	2457619.613661	0.184648	0.000155
337	Processed_l20160819-024238-V0645_Cen-I.fit	2457619.614055	0.186459	0.000155
338	Processed_l20160819-024311-V0645_Cen-I.fit	2457619.614437	0.188445	0.000156
339	Processed_l20160819-024344-V0645_Cen-I.fit	2457619.614830	0.185683	0.000154
340	Processed_l20160819-024418-V0645_Cen-I.fit	2457619.615212	0.185828	0.000155
341	Processed_l20160819-024451-V0645_Cen-I.fit	2457619.615594	0.184966	0.000155
342	Processed_l20160819-024523-V0645_Cen-I.fit	2457619.615965	0.186116	0.000154
343	Processed_l20160819-024556-V0645_Cen-I.fit	2457619.616346	0.186159	0.000155
344	Processed_l20160819-024629-V0645_Cen-I.fit	2457619.616728	0.187851	0.000154
345	Processed_l20160819-024703-V0645_Cen-I.fit	2457619.617122	0.185081	0.000152
346	Processed_l20160819-024736-V0645_Cen-I.fit	2457619.617504	0.185996	0.000152
347	Processed_l20160819-024809-V0645_Cen-I.fit	2457619.617886	0.186696	0.000154
348	Processed_l20160819-024842-V0645_Cen-I.fit	2457619.618268	0.185010	0.000152
349	Processed_l20160819-024914-V0645_Cen-I.fit	2457619.618638	0.187915	0.000153
350	Processed_l20160819-024947-V0645_Cen-I.fit	2457619.619020	0.184219	0.000152
351	Processed_l20160819-025019-V0645_Cen-I.fit	2457619.619402	0.185844	0.000153
352	Processed_l20160819-025052-V0645_Cen-I.fit	2457619.619772	0.181742	0.000151
353	Processed_l20160819-025126-V0645_Cen-I.fit	2457619.620166	0.185838	0.000153
354	Processed_l20160819-025159-V0645_Cen-I.fit	2457619.620548	0.184714	0.000151
355	Processed_l20160819-025232-V0645_Cen-I.fit	2457619.620929	0.185997	0.000153
356	Processed_l20160819-025305-V0645_Cen-I.fit	2457619.621311	0.182007	0.000150
357	Processed_l20160819-025338-V0645_Cen-I.fit	2457619.621693	0.184611	0.000152
358	Processed_l20160819-025411-V0645_Cen-I.fit	2457619.622075	0.186792	0.000153
359	Processed_l20160819-025443-V0645_Cen-I.fit	2457619.622446	0.189087	0.000154
360	Processed_l20160819-025516-V0645_Cen-I.fit	2457619.622827	0.188554	0.000154
361	Processed_l20160819-025548-V0645_Cen-I.fit	2457619.623198	0.185639	0.000152
362	Processed_l20160819-025622-V0645_Cen-I.fit	2457619.623591	0.185565	0.000159
363	Processed_l20160819-025655-V0645_Cen-I.fit	2457619.623973	0.182640	0.000152
364	Processed_l20160819-025728-V0645_Cen-I.fit	2457619.624367	0.185090	0.000154
365	Processed_l20160819-025802-V0645_Cen-I.fit	2457619.624749	0.186142	0.000154
366	Processed_l20160819-025834-V0645_Cen-I.fit	2457619.625119	0.187173	0.000154
367	Processed_l20160819-025908-V0645_Cen-I.fit	2457619.625512	0.186407	0.000154
368	Processed_l20160819-025940-V0645_Cen-I.fit	2457619.625883	0.184597	0.000153
369	Processed_l20160819-030013-V0645_Cen-I.fit	2457619.626265	0.184855	0.000154
370	Processed_l20160819-030046-V0645_Cen-I.fit	2457619.626647	0.189873	0.000157
371	Processed_l20160819-030120-V0645_Cen-I.fit	2457619.627040	0.186286	0.000154
372	Processed_l20160819-030152-V0645_Cen-I.fit	2457619.627410	0.186915	0.000154
373	Processed_l20160819-030225-V0645_Cen-I.fit	2457619.627804	0.183575	0.000152
374	Processed_l20160819-030258-V0645_Cen-I.fit	2457619.628174	0.186581	0.000154
375	Processed_l20160819-030331-V0645_Cen-I.fit	2457619.628556	0.188642	0.000155
376	Processed_l20160819-030404-V0645_Cen-I.fit	2457619.628938	0.187653	0.000154
377	Processed_l20160819-030436-V0645_Cen-I.fit	2457619.629308	0.187638	0.000156
378	Processed_l20160819-030510-V0645_Cen-I.fit	2457619.629702	0.187649	0.000155
379	Processed_l20160819-030542-V0645_Cen-I.fit	2457619.630072	0.187898	0.000155
380	Processed_l20160819-030615-V0645_Cen-I.fit	2457619.630454	0.187277	0.000155
381	Processed_l20160819-030649-V0645_Cen-I.fit	2457619.630848	0.183920	0.000155
382	Processed_l20160819-030722-V0645_Cen-I.fit	2457619.631230	0.185095	0.000155
383	Processed_l20160819-030755-V0645_Cen-I.fit	2457619.631612	0.190240	0.000156
384	Processed_l20160819-030827-V0645_Cen-I.fit	2457619.631993	0.185617	0.000154
385	Processed_l20160819-030900-V0645_Cen-I.fit	2457619.632364	0.186132	0.000155
386	Processed_l20160819-030933-V0645_Cen-I.fit	2457619.632746	0.185763	0.000154
387	Processed_l20160819-031005-V0645_Cen-I.fit	2457619.633116	0.186710	0.000154
388	Processed_l20160819-031039-V0645_Cen-I.fit	2457619.633510	0.184835	0.000153
389	Processed_l20160819-031112-V0645_Cen-I.fit	2457619.633892	0.184338	0.000153
390	Processed_l20160819-031144-V0645_Cen-I.fit	2457619.634262	0.182930	0.000151
391	Processed_l20160819-031217-V0645_Cen-I.fit	2457619.634644	0.187842	0.000154
392	Processed_l20160819-031249-V0645_Cen-I.fit	2457619.635014	0.184233	0.000154
393	Processed_l20160819-031323-V0645_Cen-I.fit	2457619.635408	0.183293	0.000153
394	Processed_l20160819-031356-V0645_Cen-I.fit	2457619.635790	0.182365	0.000153
395	Processed_l20160819-031428-V0645_Cen-I.fit	2457619.636171	0.185248	0.000154
396	Processed_l20160819-031501-V0645_Cen-I.fit	2457619.636542	0.191314	0.000157
397	Processed_l20160819-031534-V0645_Cen-I.fit	2457619.636924	0.186212	0.000155
398	Processed_l20160819-031606-V0645_Cen-I.fit	2457619.637294	0.188593	0.000155
399	Processed_l20160819-031639-V0645_Cen-I.fit	2457619.637676	0.184002	0.000153
400	Processed_l20160819-031712-V0645_Cen-I.fit	2457619.638058	0.185826	0.000154
401	Processed_l20160819-031744-V0645_Cen-I.fit	2457619.638428	0.185850	0.000154
402	Processed_l20160819-031817-V0645_Cen-I.fit	2457619.638810	0.182518	0.000152
403	Processed_l20160819-031850-V0645_Cen-I.fit	2457619.639192	0.183592	0.000154
404	Processed_l20160819-031922-V0645_Cen-I.fit	2457619.639562	0.185137	0.000153
405	Processed_l20160819-031955-V0645_Cen-I.fit	2457619.639944	0.189419	0.000156
406	Processed_l20160819-032028-V0645_Cen-I.fit	2457619.640326	0.184229	0.000155
407	Processed_l20160819-032102-V0645_Cen-I.fit	2457619.640720	0.184365	0.000153
408	Processed_l20160819-032136-V0645_Cen-I.fit	2457619.641113	0.185458	0.000153
409	Processed_l20160819-032209-V0645_Cen-I.fit	2457619.641495	0.180880	0.000151
410	Processed_l20160819-032242-V0645_Cen-I.fit	2457619.641877	0.186782	0.000155
411	Processed_l20160819-032315-V0645_Cen-I.fit	2457619.642259	0.185142	0.000154
412	Processed_l20160819-032347-V0645_Cen-I.fit	2457619.642629	0.187271	0.000156
413	Processed_l20160819-032421-V0645_Cen-I.fit	2457619.643023	0.184113	0.000153
414	Processed_l20160819-032454-V0645_Cen-I.fit	2457619.643405	0.187288	0.000155
415	Processed_l20160819-032528-V0645_Cen-I.fit	2457619.643798	0.187418	0.000154
416	Processed_l20160819-032602-V0645_Cen-I.fit	2457619.644192	0.182156	0.000151
417	Processed_l20160819-032635-V0645_Cen-I.fit	2457619.644574	0.184420	0.000153
418	Processed_l20160819-032707-V0645_Cen-I.fit	2457619.644956	0.187555	0.000154
419	Processed_l20160819-032740-V0645_Cen-I.fit	2457619.645326	0.181452	0.000151
420	Processed_l20160819-032813-V0645_Cen-I.fit	2457619.645708	0.183573	0.000152
421	Processed_l20160819-032846-V0645_Cen-I.fit	2457619.646090	0.185236	0.000152
422	Processed_l20160819-032919-V0645_Cen-I.fit	2457619.646472	0.177758	0.000149
423	Processed_l20160819-032952-V0645_Cen-I.fit	2457619.646854	0.185991	0.000154
424	Processed_l20160819-033026-V0645_Cen-I.fit	2457619.647247	0.184240	0.000152
425	Processed_l20160819-033059-V0645_Cen-I.fit	2457619.647629	0.186877	0.000154
426	Processed_l20160819-033131-V0645_Cen-I.fit	2457619.647999	0.185608	0.000153
427	Processed_l20160819-033205-V0645_Cen-I.fit	2457619.648393	0.183236	0.000151
428	Processed_l20160819-033237-V0645_Cen-I.fit	2457619.648775	0.181216	0.000150
429	Processed_l20160819-033310-V0645_Cen-I.fit	2457619.649145	0.186234	0.000154
430	Processed_l20160819-033343-V0645_Cen-I.fit	2457619.649527	0.184353	0.000152
431	Processed_l20160819-033415-V0645_Cen-I.fit	2457619.649909	0.185802	0.000153
432	Processed_l20160819-033449-V0645_Cen-I.fit	2457619.650291	0.184904	0.000152
433	Processed_l20160819-033523-V0645_Cen-I.fit	2457619.650684	0.184618	0.000153
434	Processed_l20160819-033557-V0645_Cen-I.fit	2457619.651078	0.187681	0.000154
435	Processed_l20160819-033630-V0645_Cen-I.fit	2457619.651460	0.181801	0.000150
436	Processed_l20160819-033704-V0645_Cen-I.fit	2457619.651853	0.184368	0.000152
437	Processed_l20160819-033737-V0645_Cen-I.fit	2457619.652235	0.182065	0.000151
438	Processed_l20160819-033809-V0645_Cen-I.fit	2457619.652605	0.187149	0.000154
439	Processed_l20160819-033842-V0645_Cen-I.fit	2457619.652987	0.184522	0.000153
440	Processed_l20160819-033915-V0645_Cen-I.fit	2457619.653369	0.183934	0.000152
441	Processed_l20160819-033947-V0645_Cen-I.fit	2457619.653740	0.183271	0.000152
442	Processed_l20160819-034020-V0645_Cen-I.fit	2457619.654122	0.181931	0.000151
443	Processed_l20160819-034053-V0645_Cen-I.fit	2457619.654503	0.185918	0.000153
444	Processed_l20160819-034126-V0645_Cen-I.fit	2457619.654885	0.183979	0.000152
445	Processed_l20160819-034159-V0645_Cen-I.fit	2457619.655279	0.185707	0.000152
446	Processed_l20160819-034232-V0645_Cen-I.fit	2457619.655649	0.183428	0.000151
447	Processed_l20160819-034305-V0645_Cen-I.fit	2457619.656031	0.185741	0.000153
448	Processed_l20160819-034337-V0645_Cen-I.fit	2457619.656402	0.187913	0.000154
449	Processed_l20160819-034411-V0645_Cen-I.fit	2457619.656795	0.186837	0.000154
450	Processed_l20160819-034444-V0645_Cen-I.fit	2457619.657177	0.187000	0.000154
451	Processed_l20160819-034517-V0645_Cen-I.fit	2457619.657559	0.181572	0.000152
452	Processed_l20160819-034556-V0645_Cen-I.fit	2457619.658010	0.185668	0.000153
453	Processed_l20160819-034629-V0645_Cen-I.fit	2457619.658392	0.182879	0.000153
454	Processed_l20160819-034702-V0645_Cen-I.fit	2457619.658774	0.183715	0.000153
455	Processed_l20160819-034735-V0645_Cen-I.fit	2457619.659156	0.185817	0.000154
456	Processed_l20160819-034809-V0645_Cen-I.fit	2457619.659549	0.188448	0.000155
457	Processed_l20160819-034841-V0645_Cen-I.fit	2457619.659920	0.187275	0.000155
458	Processed_l20160819-034914-V0645_Cen-I.fit	2457619.660302	0.187185	0.000155
459	Processed_l20160819-034947-V0645_Cen-I.fit	2457619.660684	0.184687	0.000153
460	Processed_l20160819-035020-V0645_Cen-I.fit	2457619.661066	0.186711	0.000154
461	Processed_l20160819-035053-V0645_Cen-I.fit	2457619.661447	0.188494	0.000156
462	Processed_l20160819-035126-V0645_Cen-I.fit	2457619.661829	0.182082	0.000153
463	Processed_l20160819-035200-V0645_Cen-I.fit	2457619.662223	0.183897	0.000153
464	Processed_l20160819-035233-V0645_Cen-I.fit	2457619.662605	0.186556	0.000155
465	Processed_l20160819-035307-V0645_Cen-I.fit	2457619.662998	0.191835	0.000157
466	Processed_l20160819-035341-V0645_Cen-I.fit	2457619.663392	0.185023	0.000153
467	Processed_l20160819-035413-V0645_Cen-I.fit	2457619.663762	0.183717	0.000153
468	Processed_l20160819-035446-V0645_Cen-I.fit	2457619.664144	0.186018	0.000154
469	Processed_l20160819-035518-V0645_Cen-I.fit	2457619.664514	0.188770	0.000156
470	Processed_l20160819-035551-V0645_Cen-I.fit	2457619.664896	0.189047	0.000156
471	Processed_l20160819-035625-V0645_Cen-I.fit	2457619.665290	0.189704	0.000157
472	Processed_l20160819-035657-V0645_Cen-I.fit	2457619.665660	0.180881	0.000152
473	Processed_l20160819-035730-V0645_Cen-I.fit	2457619.666042	0.186209	0.000155
474	Processed_l20160819-035802-V0645_Cen-I.fit	2457619.666424	0.186371	0.000154
475	Processed_l20160819-035835-V0645_Cen-I.fit	2457619.666794	0.188130	0.000156
476	Processed_l20160819-035908-V0645_Cen-I.fit	2457619.667188	0.185294	0.000155
477	Processed_l20160819-035942-V0645_Cen-I.fit	2457619.667570	0.187003	0.000155
478	Processed_l20160819-040016-V0645_Cen-I.fit	2457619.667963	0.185301	0.000154
479	Processed_l20160819-040050-V0645_Cen-I.fit	2457619.668357	0.186959	0.000155
480	Processed_l20160819-040123-V0645_Cen-I.fit	2457619.668739	0.188625	0.000156
481	Processed_l20160819-040156-V0645_Cen-I.fit	2457619.669121	0.180441	0.000152
482	Processed_l20160819-040229-V0645_Cen-I.fit	2457619.669502	0.184643	0.000154
483	Processed_l20160819-040302-V0645_Cen-I.fit	2457619.669884	0.187601	0.000155
484	Processed_l20160819-040335-V0645_Cen-I.fit	2457619.670278	0.186754	0.000155
485	Processed_l20160819-040408-V0645_Cen-I.fit	2457619.670648	0.182529	0.000153
486	Processed_l20160819-040441-V0645_Cen-I.fit	2457619.671030	0.186061	0.000155
487	Processed_l20160819-040514-V0645_Cen-I.fit	2457619.671424	0.185245	0.000155
488	Processed_l20160819-040547-V0645_Cen-I.fit	2457619.671794	0.187710	0.000156
489	Processed_l20160819-040620-V0645_Cen-I.fit	2457619.672176	0.184991	0.000156
490	Processed_l20160819-040652-V0645_Cen-I.fit	2457619.672546	0.180939	0.000152
491	Processed_l20160819-040725-V0645_Cen-I.fit	2457619.672928	0.182467	0.000153
492	Processed_l20160819-040758-V0645_Cen-I.fit	2457619.673310	0.183284	0.000152
493	Processed_l20160819-040830-V0645_Cen-I.fit	2457619.673680	0.187165	0.000155
494	Processed_l20160819-040903-V0645_Cen-I.fit	2457619.674062	0.185641	0.000154
495	Processed_l20160819-040936-V0645_Cen-I.fit	2457619.674444	0.186174	0.000154
496	Processed_l20160819-041008-V0645_Cen-I.fit	2457619.674815	0.185336	0.000154
497	Processed_l20160819-041041-V0645_Cen-I.fit	2457619.675196	0.181571	0.000153
498	Processed_l20160819-041113-V0645_Cen-I.fit	2457619.675567	0.183546	0.000154
499	Processed_l20160819-041147-V0645_Cen-I.fit	2457619.675960	0.187444	0.000156
500	Processed_l20160819-041220-V0645_Cen-I.fit	2457619.676342	0.187728	0.000156
501	Processed_l20160819-041253-V0645_Cen-I.fit	2457619.676724	0.182402	0.000153
502	Processed_l20160819-041326-V0645_Cen-I.fit	2457619.677106	0.191584	0.000158
503	Processed_l20160819-041358-V0645_Cen-I.fit	2457619.677476	0.183300	0.000154
504	Processed_l20160819-041431-V0645_Cen-I.fit	2457619.677858	0.181651	0.000154
505	Processed_l20160819-041504-V0645_Cen-I.fit	2457619.678240	0.186523	0.000155
506	Processed_l20160819-041538-V0645_Cen-I.fit	2457619.678634	0.186971	0.000155
507	Processed_l20160819-041611-V0645_Cen-I.fit	2457619.679016	0.188525	0.000157
508	Processed_l20160819-041645-V0645_Cen-I.fit	2457619.679409	0.188383	0.000157
509	Processed_l20160819-041717-V0645_Cen-I.fit	2457619.679791	0.186741	0.000156
510	Processed_l20160819-041752-V0645_Cen-I.fit	2457619.680185	0.185973	0.000155
511	Processed_l20160819-041824-V0645_Cen-I.fit	2457619.680555	0.186589	0.000155
512	Processed_l20160819-041858-V0645_Cen-I.fit	2457619.680948	0.191831	0.000158
513	Processed_l20160819-041931-V0645_Cen-I.fit	2457619.681330	0.182348	0.000153
514	Processed_l20160819-042004-V0645_Cen-I.fit	2457619.681724	0.186331	0.000155
515	Processed_l20160819-042037-V0645_Cen-I.fit	2457619.682094	0.183259	0.000154
516	Processed_l20160819-042111-V0645_Cen-I.fit	2457619.682488	0.181803	0.000153
517	Processed_l20160819-042143-V0645_Cen-I.fit	2457619.682858	0.185591	0.000155
518	Processed_l20160819-042216-V0645_Cen-I.fit	2457619.683240	0.187276	0.000156
519	Processed_l20160819-042250-V0645_Cen-I.fit	2457619.683633	0.184000	0.000154
520	Processed_l20160819-042322-V0645_Cen-I.fit	2457619.684004	0.182515	0.000154
521	Processed_l20160819-042356-V0645_Cen-I.fit	2457619.684397	0.181888	0.000154
522	Processed_l20160819-042428-V0645_Cen-I.fit	2457619.684768	0.189932	0.000158
523	Processed_l20160819-042501-V0645_Cen-I.fit	2457619.685150	0.184147	0.000155
524	Processed_l20160819-042533-V0645_Cen-I.fit	2457619.685531	0.181535	0.000154
525	Processed_l20160819-042606-V0645_Cen-I.fit	2457619.685913	0.184472	0.000155
526	Processed_l20160819-042640-V0645_Cen-I.fit	2457619.686295	0.177206	0.000152
527	Processed_l20160819-042713-V0645_Cen-I.fit	2457619.686677	0.185481	0.000156
528	Processed_l20160819-042747-V0645_Cen-I.fit	2457619.687071	0.184452	0.000156
529	Processed_l20160819-042819-V0645_Cen-I.fit	2457619.687441	0.188424	0.000157
530	Processed_l20160819-042852-V0645_Cen-I.fit	2457619.687823	0.182808	0.000154
531	Processed_l20160819-042925-V0645_Cen-I.fit	2457619.688205	0.184355	0.000155
532	Processed_l20160819-042958-V0645_Cen-I.fit	2457619.688587	0.192268	0.000159
533	Processed_l20160819-043030-V0645_Cen-I.fit	2457619.688957	0.185563	0.000157
534	Processed_l20160819-043103-V0645_Cen-I.fit	2457619.689339	0.185225	0.000156
535	Processed_l20160819-043135-V0645_Cen-I.fit	2457619.689709	0.185441	0.000156
536	Processed_l20160819-043208-V0645_Cen-I.fit	2457619.690091	0.189531	0.000158
537	Processed_l20160819-043240-V0645_Cen-I.fit	2457619.690473	0.189572	0.000159
538	Processed_l20160819-043314-V0645_Cen-I.fit	2457619.690855	0.185846	0.000157
539	Processed_l20160819-043347-V0645_Cen-I.fit	2457619.691237	0.176240	0.000152
540	Processed_l20160819-043420-V0645_Cen-I.fit	2457619.691619	0.188510	0.000158
541	Processed_l20160819-043453-V0645_Cen-I.fit	2457619.692001	0.188242	0.000158
542	Processed_l20160819-043527-V0645_Cen-I.fit	2457619.692394	0.186742	0.000158
543	Processed_l20160819-043600-V0645_Cen-I.fit	2457619.692776	0.189349	0.000159
544	Processed_l20160819-043632-V0645_Cen-I.fit	2457619.693147	0.189046	0.000159
545	Processed_l20160819-043705-V0645_Cen-I.fit	2457619.693540	0.181570	0.000155
546	Processed_l20160819-043738-V0645_Cen-I.fit	2457619.693922	0.186573	0.000158
547	Processed_l20160819-043811-V0645_Cen-I.fit	2457619.694292	0.186716	0.000159
548	Processed_l20160819-043844-V0645_Cen-I.fit	2457619.694674	0.184215	0.000157
549	Processed_l20160819-043917-V0645_Cen-I.fit	2457619.695056	0.184493	0.000157
550	Processed_l20160819-043951-V0645_Cen-I.fit	2457619.695450	0.187094	0.000160
551	Processed_l20160819-044024-V0645_Cen-I.fit	2457619.695832	0.188142	0.000159
552	Processed_l20160819-044057-V0645_Cen-I.fit	2457619.696214	0.185326	0.000158
553	Processed_l20160819-044130-V0645_Cen-I.fit	2457619.696595	0.187839	0.000159
554	Processed_l20160819-044203-V0645_Cen-I.fit	2457619.696977	0.187654	0.000158
555	Processed_l20160819-044237-V0645_Cen-I.fit	2457619.697371	0.184206	0.000156
556	Processed_l20160819-044309-V0645_Cen-I.fit	2457619.697741	0.183848	0.000157
557	Processed_l20160819-044343-V0645_Cen-I.fit	2457619.698135	0.184250	0.000157
558	Processed_l20160819-044415-V0645_Cen-I.fit	2457619.698517	0.178979	0.000154
559	Processed_l20160819-044449-V0645_Cen-I.fit	2457619.698899	0.184196	0.000156
560	Processed_l20160819-044521-V0645_Cen-I.fit	2457619.699269	0.188835	0.000159
561	Processed_l20160819-044555-V0645_Cen-I.fit	2457619.699662	0.187332	0.000158
562	Processed_l20160819-044628-V0645_Cen-I.fit	2457619.700044	0.187992	0.000158
563	Processed_l20160819-044701-V0645_Cen-I.fit	2457619.700426	0.184655	0.000158
564	Processed_l20160819-044734-V0645_Cen-I.fit	2457619.700808	0.187535	0.000158
565	Processed_l20160819-044807-V0645_Cen-I.fit	2457619.701190	0.180745	0.000155
566	Processed_l20160819-044840-V0645_Cen-I.fit	2457619.701572	0.183754	0.000158
567	Processed_l20160819-044913-V0645_Cen-I.fit	2457619.701954	0.180975	0.000156
568	Processed_l20160819-044946-V0645_Cen-I.fit	2457619.702336	0.183483	0.000157
569	Processed_l20160819-045019-V0645_Cen-I.fit	2457619.702718	0.187622	0.000159
570	Processed_l20160819-045053-V0645_Cen-I.fit	2457619.703111	0.188068	0.000160
571	Processed_l20160819-045126-V0645_Cen-I.fit	2457619.703493	0.185161	0.000158
572	Processed_l20160819-045200-V0645_Cen-I.fit	2457619.703887	0.187865	0.000159
573	Processed_l20160819-045232-V0645_Cen-I.fit	2457619.704257	0.183985	0.000158
574	Processed_l20160819-045305-V0645_Cen-I.fit	2457619.704639	0.182422	0.000156
575	Processed_l20160819-045338-V0645_Cen-I.fit	2457619.705021	0.187720	0.000159
576	Processed_l20160819-045410-V0645_Cen-I.fit	2457619.705403	0.177644	0.000154
577	Processed_l20160819-045443-V0645_Cen-I.fit	2457619.705773	0.188511	0.000160
578	Processed_l20160819-045516-V0645_Cen-I.fit	2457619.706155	0.186175	0.000159
579	Processed_l20160819-045549-V0645_Cen-I.fit	2457619.706537	0.186383	0.000159
580	Processed_l20160819-045621-V0645_Cen-I.fit	2457619.706907	0.184703	0.000158
581	Processed_l20160819-045654-V0645_Cen-I.fit	2457619.707289	0.191971	0.000162
582	Processed_l20160819-045727-V0645_Cen-I.fit	2457619.707671	0.186137	0.000159
583	Processed_l20160819-045800-V0645_Cen-I.fit	2457619.708053	0.183779	0.000157
584	Processed_l20160819-045832-V0645_Cen-I.fit	2457619.708423	0.187028	0.000159
585	Processed_l20160819-045905-V0645_Cen-I.fit	2457619.708805	0.184663	0.000158
586	Processed_l20160819-045939-V0645_Cen-I.fit	2457619.709199	0.186596	0.000159
587	Processed_l20160819-050011-V0645_Cen-I.fit	2457619.709569	0.187576	0.000162
588	Processed_l20160819-050045-V0645_Cen-I.fit	2457619.709963	0.180245	0.000156
589	Processed_l20160819-050118-V0645_Cen-I.fit	2457619.710345	0.189102	0.000163
590	Processed_l20160819-050151-V0645_Cen-I.fit	2457619.710726	0.183413	0.000158
591	Processed_l20160819-050225-V0645_Cen-I.fit	2457619.711120	0.185014	0.000159
592	Processed_l20160819-050258-V0645_Cen-I.fit	2457619.711502	0.185183	0.000159
593	Processed_l20160819-050331-V0645_Cen-I.fit	2457619.711884	0.188167	0.000160
594	Processed_l20160819-050403-V0645_Cen-I.fit	2457619.712254	0.178428	0.000157
595	Processed_l20160819-050437-V0645_Cen-I.fit	2457619.712648	0.185450	0.000160
596	Processed_l20160819-050510-V0645_Cen-I.fit	2457619.713030	0.187877	0.000161
597	Processed_l20160819-050544-V0645_Cen-I.fit	2457619.713423	0.184111	0.000159
598	Processed_l20160819-050616-V0645_Cen-I.fit	2457619.713793	0.187232	0.000160
599	Processed_l20160819-050649-V0645_Cen-I.fit	2457619.714175	0.187479	0.000161
600	Processed_l20160819-050722-V0645_Cen-I.fit	2457619.714557	0.180368	0.000157
601	Processed_l20160819-050756-V0645_Cen-I.fit	2457619.714951	0.184533	0.000161
602	Processed_l20160819-051033-V0645_Cen-I.fit	2457619.717034	0.188449	0.000306
