#	Label	BJD_TDB	rel_flux_T1	rel_flux_err_T1
1	Processed_l20160825-233458-V0645_Cen-I.fit	2457626.483194	0.184098	0.000165
2	Processed_l20160825-233530-V0645_Cen-I.fit	2457626.483564	0.184926	0.000168
3	Processed_l20160825-233659-V0645_Cen-I.fit	2457626.484595	0.182248	0.000164
4	Processed_l20160825-233727-V0645_Cen-I.fit	2457626.484919	0.185487	0.000167
5	Processed_l20160825-233754-V0645_Cen-I.fit	2457626.485231	0.181518	0.000163
6	Processed_l20160825-233822-V0645_Cen-I.fit	2457626.485555	0.179135	0.000163
7	Processed_l20160825-233849-V0645_Cen-I.fit	2457626.485879	0.180899	0.000164
8	Processed_l20160825-233917-V0645_Cen-I.fit	2457626.486192	0.180064	0.000163
9	Processed_l20160825-233945-V0645_Cen-I.fit	2457626.486516	0.184352	0.000166
10	Processed_l20160825-234012-V0645_Cen-I.fit	2457626.486828	0.182545	0.000165
11	Processed_l20160825-234040-V0645_Cen-I.fit	2457626.487152	0.183318	0.000165
12	Processed_l20160825-234107-V0645_Cen-I.fit	2457626.487465	0.183564	0.000166
13	Processed_l20160825-234135-V0645_Cen-I.fit	2457626.487789	0.182131	0.000164
14	Processed_l20160825-234202-V0645_Cen-I.fit	2457626.488101	0.186264	0.000167
15	Processed_l20160825-234230-V0645_Cen-I.fit	2457626.488425	0.181395	0.000164
16	Processed_l20160825-234257-V0645_Cen-I.fit	2457626.488738	0.182849	0.000164
17	Processed_l20160825-234325-V0645_Cen-I.fit	2457626.489062	0.182109	0.000163
18	Processed_l20160825-234353-V0645_Cen-I.fit	2457626.489386	0.184918	0.000166
19	Processed_l20160825-234420-V0645_Cen-I.fit	2457626.489698	0.183366	0.000163
20	Processed_l20160825-234448-V0645_Cen-I.fit	2457626.490022	0.184521	0.000164
21	Processed_l20160825-234515-V0645_Cen-I.fit	2457626.490335	0.184050	0.000164
22	Processed_l20160825-234543-V0645_Cen-I.fit	2457626.490659	0.182473	0.000163
23	Processed_l20160825-234610-V0645_Cen-I.fit	2457626.490971	0.182167	0.000161
24	Processed_l20160825-234638-V0645_Cen-I.fit	2457626.491295	0.184272	0.000163
25	Processed_l20160825-234705-V0645_Cen-I.fit	2457626.491619	0.181664	0.000163
26	Processed_l20160825-234733-V0645_Cen-I.fit	2457626.491932	0.183084	0.000164
27	Processed_l20160825-234800-V0645_Cen-I.fit	2457626.492256	0.182759	0.000163
28	Processed_l20160825-234828-V0645_Cen-I.fit	2457626.492568	0.184489	0.000164
29	Processed_l20160825-234855-V0645_Cen-I.fit	2457626.492893	0.184158	0.000163
30	Processed_l20160825-234923-V0645_Cen-I.fit	2457626.493205	0.183254	0.000163
31	Processed_l20160825-234951-V0645_Cen-I.fit	2457626.493529	0.183356	0.000163
32	Processed_l20160825-235018-V0645_Cen-I.fit	2457626.493842	0.180902	0.000160
33	Processed_l20160825-235046-V0645_Cen-I.fit	2457626.494166	0.181119	0.000162
34	Processed_l20160825-235113-V0645_Cen-I.fit	2457626.494478	0.180205	0.000161
35	Processed_l20160825-235141-V0645_Cen-I.fit	2457626.494802	0.178788	0.000161
36	Processed_l20160825-235209-V0645_Cen-I.fit	2457626.495126	0.177226	0.000160
37	Processed_l20160825-235236-V0645_Cen-I.fit	2457626.495439	0.182134	0.000163
38	Processed_l20160825-235304-V0645_Cen-I.fit	2457626.495763	0.180257	0.000160
39	Processed_l20160825-235331-V0645_Cen-I.fit	2457626.496075	0.180936	0.000161
40	Processed_l20160825-235359-V0645_Cen-I.fit	2457626.496399	0.179900	0.000162
41	Processed_l20160825-235426-V0645_Cen-I.fit	2457626.496712	0.181146	0.000161
42	Processed_l20160825-235454-V0645_Cen-I.fit	2457626.497036	0.182310	0.000161
43	Processed_l20160825-235521-V0645_Cen-I.fit	2457626.497360	0.181521	0.000163
44	Processed_l20160825-235549-V0645_Cen-I.fit	2457626.497672	0.184869	0.000163
45	Processed_l20160825-235616-V0645_Cen-I.fit	2457626.497985	0.182262	0.000162
46	Processed_l20160825-235644-V0645_Cen-I.fit	2457626.498309	0.182901	0.000164
47	Processed_l20160825-235712-V0645_Cen-I.fit	2457626.498633	0.183579	0.000165
48	Processed_l20160825-235739-V0645_Cen-I.fit	2457626.498945	0.182479	0.000165
49	Processed_l20160825-235807-V0645_Cen-I.fit	2457626.499269	0.181998	0.000164
50	Processed_l20160825-235834-V0645_Cen-I.fit	2457626.499582	0.180341	0.000163
51	Processed_l20160825-235902-V0645_Cen-I.fit	2457626.499906	0.182868	0.000164
52	Processed_l20160825-235929-V0645_Cen-I.fit	2457626.500230	0.185608	0.000164
53	Processed_l20160825-235957-V0645_Cen-I.fit	2457626.500542	0.183865	0.000162
54	Processed_l20160826-000025-V0645_Cen-I.fit	2457626.500867	0.184799	0.000164
55	Processed_l20160826-000052-V0645_Cen-I.fit	2457626.501179	0.183260	0.000164
56	Processed_l20160826-000120-V0645_Cen-I.fit	2457626.501503	0.180092	0.000163
57	Processed_l20160826-000147-V0645_Cen-I.fit	2457626.501816	0.183892	0.000165
58	Processed_l20160826-000215-V0645_Cen-I.fit	2457626.502140	0.184387	0.000165
59	Processed_l20160826-000243-V0645_Cen-I.fit	2457626.502464	0.180750	0.000163
60	Processed_l20160826-000310-V0645_Cen-I.fit	2457626.502776	0.185103	0.000164
61	Processed_l20160826-000338-V0645_Cen-I.fit	2457626.503100	0.184066	0.000165
62	Processed_l20160826-000405-V0645_Cen-I.fit	2457626.503424	0.185405	0.000164
63	Processed_l20160826-000433-V0645_Cen-I.fit	2457626.503737	0.182908	0.000163
64	Processed_l20160826-000501-V0645_Cen-I.fit	2457626.504061	0.183692	0.000164
65	Processed_l20160826-000528-V0645_Cen-I.fit	2457626.504373	0.187342	0.000165
66	Processed_l20160826-000556-V0645_Cen-I.fit	2457626.504697	0.182126	0.000163
67	Processed_l20160826-000623-V0645_Cen-I.fit	2457626.505010	0.185096	0.000164
68	Processed_l20160826-000651-V0645_Cen-I.fit	2457626.505334	0.182650	0.000163
69	Processed_l20160826-000718-V0645_Cen-I.fit	2457626.505646	0.182012	0.000163
70	Processed_l20160826-000746-V0645_Cen-I.fit	2457626.505970	0.182701	0.000164
71	Processed_l20160826-000814-V0645_Cen-I.fit	2457626.506294	0.182488	0.000164
72	Processed_l20160826-000841-V0645_Cen-I.fit	2457626.506607	0.184963	0.000165
73	Processed_l20160826-000909-V0645_Cen-I.fit	2457626.506931	0.182970	0.000163
74	Processed_l20160826-000936-V0645_Cen-I.fit	2457626.507243	0.181338	0.000163
75	Processed_l20160826-001004-V0645_Cen-I.fit	2457626.507567	0.180902	0.000163
76	Processed_l20160826-001032-V0645_Cen-I.fit	2457626.507891	0.179288	0.000163
77	Processed_l20160826-001059-V0645_Cen-I.fit	2457626.508204	0.182700	0.000165
78	Processed_l20160826-001127-V0645_Cen-I.fit	2457626.508528	0.185755	0.000167
79	Processed_l20160826-001154-V0645_Cen-I.fit	2457626.508840	0.187058	0.000167
80	Processed_l20160826-001222-V0645_Cen-I.fit	2457626.509165	0.184292	0.000165
81	Processed_l20160826-001250-V0645_Cen-I.fit	2457626.509489	0.189070	0.000168
82	Processed_l20160826-001317-V0645_Cen-I.fit	2457626.509801	0.185352	0.000167
83	Processed_l20160826-001345-V0645_Cen-I.fit	2457626.510125	0.183640	0.000165
84	Processed_l20160826-001412-V0645_Cen-I.fit	2457626.510438	0.182075	0.000165
85	Processed_l20160826-001440-V0645_Cen-I.fit	2457626.510762	0.186892	0.000166
86	Processed_l20160826-001508-V0645_Cen-I.fit	2457626.511086	0.181734	0.000164
87	Processed_l20160826-001535-V0645_Cen-I.fit	2457626.511398	0.186126	0.000165
88	Processed_l20160826-001603-V0645_Cen-I.fit	2457626.511722	0.185136	0.000165
89	Processed_l20160826-001630-V0645_Cen-I.fit	2457626.512035	0.178222	0.000161
90	Processed_l20160826-001658-V0645_Cen-I.fit	2457626.512359	0.178605	0.000161
91	Processed_l20160826-001725-V0645_Cen-I.fit	2457626.512671	0.177475	0.000160
92	Processed_l20160826-001753-V0645_Cen-I.fit	2457626.512995	0.175340	0.000160
93	Processed_l20160826-001820-V0645_Cen-I.fit	2457626.513308	0.174030	0.000160
94	Processed_l20160826-001848-V0645_Cen-I.fit	2457626.513632	0.178820	0.000161
95	Processed_l20160826-001915-V0645_Cen-I.fit	2457626.513944	0.180919	0.000162
96	Processed_l20160826-001943-V0645_Cen-I.fit	2457626.514268	0.181496	0.000163
97	Processed_l20160826-002010-V0645_Cen-I.fit	2457626.514581	0.182210	0.000163
98	Processed_l20160826-002038-V0645_Cen-I.fit	2457626.514905	0.183781	0.000164
99	Processed_l20160826-002105-V0645_Cen-I.fit	2457626.515217	0.184076	0.000165
100	Processed_l20160826-002133-V0645_Cen-I.fit	2457626.515541	0.185112	0.000164
101	Processed_l20160826-002200-V0645_Cen-I.fit	2457626.515865	0.184975	0.000164
102	Processed_l20160826-002228-V0645_Cen-I.fit	2457626.516178	0.178952	0.000161
103	Processed_l20160826-002256-V0645_Cen-I.fit	2457626.516502	0.177744	0.000160
104	Processed_l20160826-002324-V0645_Cen-I.fit	2457626.516838	0.185058	0.000163
105	Processed_l20160826-002352-V0645_Cen-I.fit	2457626.517150	0.181164	0.000163
106	Processed_l20160826-002419-V0645_Cen-I.fit	2457626.517474	0.181639	0.000163
107	Processed_l20160826-002447-V0645_Cen-I.fit	2457626.517787	0.183100	0.000164
108	Processed_l20160826-002514-V0645_Cen-I.fit	2457626.518111	0.182962	0.000163
109	Processed_l20160826-002542-V0645_Cen-I.fit	2457626.518423	0.181163	0.000163
110	Processed_l20160826-002610-V0645_Cen-I.fit	2457626.518747	0.179005	0.000161
111	Processed_l20160826-002637-V0645_Cen-I.fit	2457626.519060	0.179080	0.000162
112	Processed_l20160826-002705-V0645_Cen-I.fit	2457626.519384	0.174806	0.000160
113	Processed_l20160826-002732-V0645_Cen-I.fit	2457626.519696	0.177940	0.000163
114	Processed_l20160826-002800-V0645_Cen-I.fit	2457626.520020	0.183841	0.000166
115	Processed_l20160826-002828-V0645_Cen-I.fit	2457626.520344	0.185777	0.000166
116	Processed_l20160826-002855-V0645_Cen-I.fit	2457626.520657	0.189780	0.000168
117	Processed_l20160826-002923-V0645_Cen-I.fit	2457626.520981	0.186829	0.000166
118	Processed_l20160826-002950-V0645_Cen-I.fit	2457626.521293	0.185245	0.000164
119	Processed_l20160826-003018-V0645_Cen-I.fit	2457626.521617	0.182117	0.000164
120	Processed_l20160826-003045-V0645_Cen-I.fit	2457626.521930	0.175572	0.000159
121	Processed_l20160826-003113-V0645_Cen-I.fit	2457626.522254	0.181557	0.000161
122	Processed_l20160826-003140-V0645_Cen-I.fit	2457626.522566	0.181358	0.000164
123	Processed_l20160826-003208-V0645_Cen-I.fit	2457626.522890	0.179011	0.000162
124	Processed_l20160826-003235-V0645_Cen-I.fit	2457626.523203	0.178112	0.000161
125	Processed_l20160826-003303-V0645_Cen-I.fit	2457626.523527	0.178888	0.000159
126	Processed_l20160826-003331-V0645_Cen-I.fit	2457626.523851	0.184371	0.000165
127	Processed_l20160826-003358-V0645_Cen-I.fit	2457626.524164	0.181055	0.000163
128	Processed_l20160826-003426-V0645_Cen-I.fit	2457626.524488	0.182465	0.000164
129	Processed_l20160826-003453-V0645_Cen-I.fit	2457626.524812	0.182638	0.000163
130	Processed_l20160826-003521-V0645_Cen-I.fit	2457626.525124	0.183128	0.000163
131	Processed_l20160826-003549-V0645_Cen-I.fit	2457626.525448	0.184110	0.000164
132	Processed_l20160826-003616-V0645_Cen-I.fit	2457626.525761	0.177925	0.000161
133	Processed_l20160826-003644-V0645_Cen-I.fit	2457626.526085	0.184272	0.000165
134	Processed_l20160826-003712-V0645_Cen-I.fit	2457626.526409	0.188745	0.000168
135	Processed_l20160826-003739-V0645_Cen-I.fit	2457626.526721	0.185454	0.000167
136	Processed_l20160826-003807-V0645_Cen-I.fit	2457626.527045	0.186911	0.000167
137	Processed_l20160826-003834-V0645_Cen-I.fit	2457626.527358	0.184844	0.000166
138	Processed_l20160826-003902-V0645_Cen-I.fit	2457626.527682	0.185902	0.000166
139	Processed_l20160826-003929-V0645_Cen-I.fit	2457626.527994	0.183519	0.000164
140	Processed_l20160826-003957-V0645_Cen-I.fit	2457626.528318	0.184589	0.000166
141	Processed_l20160826-004024-V0645_Cen-I.fit	2457626.528631	0.180287	0.000164
142	Processed_l20160826-004052-V0645_Cen-I.fit	2457626.528955	0.183073	0.000165
143	Processed_l20160826-004119-V0645_Cen-I.fit	2457626.529267	0.178201	0.000161
144	Processed_l20160826-004147-V0645_Cen-I.fit	2457626.529591	0.178995	0.000161
145	Processed_l20160826-004214-V0645_Cen-I.fit	2457626.529904	0.180380	0.000162
146	Processed_l20160826-004242-V0645_Cen-I.fit	2457626.530228	0.182432	0.000164
147	Processed_l20160826-004309-V0645_Cen-I.fit	2457626.530540	0.188112	0.000167
148	Processed_l20160826-004337-V0645_Cen-I.fit	2457626.530864	0.183869	0.000163
149	Processed_l20160826-004404-V0645_Cen-I.fit	2457626.531177	0.185253	0.000165
150	Processed_l20160826-004432-V0645_Cen-I.fit	2457626.531501	0.184158	0.000164
151	Processed_l20160826-004505-V0645_Cen-I.fit	2457626.531883	0.185186	0.000164
152	Processed_l20160826-004532-V0645_Cen-I.fit	2457626.532195	0.179914	0.000162
153	Processed_l20160826-004600-V0645_Cen-I.fit	2457626.532531	0.178087	0.000160
154	Processed_l20160826-004628-V0645_Cen-I.fit	2457626.532843	0.183166	0.000162
155	Processed_l20160826-004656-V0645_Cen-I.fit	2457626.533168	0.180799	0.000160
156	Processed_l20160826-004723-V0645_Cen-I.fit	2457626.533480	0.184911	0.000162
157	Processed_l20160826-004751-V0645_Cen-I.fit	2457626.533804	0.186737	0.000163
158	Processed_l20160826-004818-V0645_Cen-I.fit	2457626.534117	0.186036	0.000161
159	Processed_l20160826-004846-V0645_Cen-I.fit	2457626.534441	0.183959	0.000161
160	Processed_l20160826-004913-V0645_Cen-I.fit	2457626.534753	0.183267	0.000161
161	Processed_l20160826-004941-V0645_Cen-I.fit	2457626.535077	0.176574	0.000160
162	Processed_l20160826-005008-V0645_Cen-I.fit	2457626.535390	0.183179	0.000163
163	Processed_l20160826-005036-V0645_Cen-I.fit	2457626.535714	0.185009	0.000163
164	Processed_l20160826-005103-V0645_Cen-I.fit	2457626.536026	0.181083	0.000161
165	Processed_l20160826-005131-V0645_Cen-I.fit	2457626.536350	0.184648	0.000163
166	Processed_l20160826-005158-V0645_Cen-I.fit	2457626.536663	0.182592	0.000160
167	Processed_l20160826-005226-V0645_Cen-I.fit	2457626.536987	0.186008	0.000161
168	Processed_l20160826-005254-V0645_Cen-I.fit	2457626.537311	0.180273	0.000160
169	Processed_l20160826-005321-V0645_Cen-I.fit	2457626.537623	0.182837	0.000164
170	Processed_l20160826-005349-V0645_Cen-I.fit	2457626.537947	0.183276	0.000165
171	Processed_l20160826-005416-V0645_Cen-I.fit	2457626.538260	0.181755	0.000162
172	Processed_l20160826-005444-V0645_Cen-I.fit	2457626.538584	0.180456	0.000161
173	Processed_l20160826-005511-V0645_Cen-I.fit	2457626.538896	0.182492	0.000162
174	Processed_l20160826-005539-V0645_Cen-I.fit	2457626.539220	0.182247	0.000162
175	Processed_l20160826-005606-V0645_Cen-I.fit	2457626.539533	0.183295	0.000163
176	Processed_l20160826-005634-V0645_Cen-I.fit	2457626.539857	0.180810	0.000162
177	Processed_l20160826-005701-V0645_Cen-I.fit	2457626.540169	0.182110	0.000162
178	Processed_l20160826-005729-V0645_Cen-I.fit	2457626.540493	0.180660	0.000162
179	Processed_l20160826-005757-V0645_Cen-I.fit	2457626.540817	0.185188	0.000164
180	Processed_l20160826-005824-V0645_Cen-I.fit	2457626.541130	0.181811	0.000163
181	Processed_l20160826-005852-V0645_Cen-I.fit	2457626.541454	0.181988	0.000163
182	Processed_l20160826-005919-V0645_Cen-I.fit	2457626.541766	0.180787	0.000162
183	Processed_l20160826-005947-V0645_Cen-I.fit	2457626.542091	0.186091	0.000164
184	Processed_l20160826-010015-V0645_Cen-I.fit	2457626.542415	0.181864	0.000162
185	Processed_l20160826-010042-V0645_Cen-I.fit	2457626.542727	0.185598	0.000163
186	Processed_l20160826-010110-V0645_Cen-I.fit	2457626.543051	0.182139	0.000162
187	Processed_l20160826-010137-V0645_Cen-I.fit	2457626.543375	0.181969	0.000162
188	Processed_l20160826-010205-V0645_Cen-I.fit	2457626.543688	0.184298	0.000163
189	Processed_l20160826-010233-V0645_Cen-I.fit	2457626.544012	0.183719	0.000163
190	Processed_l20160826-010300-V0645_Cen-I.fit	2457626.544324	0.182037	0.000160
191	Processed_l20160826-010328-V0645_Cen-I.fit	2457626.544648	0.183961	0.000162
192	Processed_l20160826-010356-V0645_Cen-I.fit	2457626.544972	0.181832	0.000162
193	Processed_l20160826-010423-V0645_Cen-I.fit	2457626.545285	0.183538	0.000161
194	Processed_l20160826-010451-V0645_Cen-I.fit	2457626.545609	0.184748	0.000162
195	Processed_l20160826-010519-V0645_Cen-I.fit	2457626.545933	0.181027	0.000160
196	Processed_l20160826-010546-V0645_Cen-I.fit	2457626.546245	0.182616	0.000158
197	Processed_l20160826-010614-V0645_Cen-I.fit	2457626.546569	0.182630	0.000162
198	Processed_l20160826-010641-V0645_Cen-I.fit	2457626.546893	0.182433	0.000160
199	Processed_l20160826-010709-V0645_Cen-I.fit	2457626.547206	0.182196	0.000161
200	Processed_l20160826-010859-V0645_Cen-I.fit	2457626.548479	0.182864	0.000161
201	Processed_l20160826-010954-V0645_Cen-I.fit	2457626.549127	0.184316	0.000164
202	Processed_l20160826-011022-V0645_Cen-I.fit	2457626.549440	0.183881	0.000165
203	Processed_l20160826-011050-V0645_Cen-I.fit	2457626.549764	0.180844	0.000161
204	Processed_l20160826-011117-V0645_Cen-I.fit	2457626.550076	0.183961	0.000165
205	Processed_l20160826-011145-V0645_Cen-I.fit	2457626.550400	0.183430	0.000164
206	Processed_l20160826-011212-V0645_Cen-I.fit	2457626.550713	0.177708	0.000159
207	Processed_l20160826-011240-V0645_Cen-I.fit	2457626.551037	0.180557	0.000162
208	Processed_l20160826-011307-V0645_Cen-I.fit	2457626.551349	0.180206	0.000159
209	Processed_l20160826-011335-V0645_Cen-I.fit	2457626.551673	0.181884	0.000161
210	Processed_l20160826-011402-V0645_Cen-I.fit	2457626.551986	0.181909	0.000162
211	Processed_l20160826-011430-V0645_Cen-I.fit	2457626.552310	0.178675	0.000161
212	Processed_l20160826-011457-V0645_Cen-I.fit	2457626.552634	0.183302	0.000162
213	Processed_l20160826-011525-V0645_Cen-I.fit	2457626.552946	0.183471	0.000162
214	Processed_l20160826-011552-V0645_Cen-I.fit	2457626.553259	0.183107	0.000160
215	Processed_l20160826-011620-V0645_Cen-I.fit	2457626.553583	0.183651	0.000163
216	Processed_l20160826-011647-V0645_Cen-I.fit	2457626.553907	0.183150	0.000162
217	Processed_l20160826-011715-V0645_Cen-I.fit	2457626.554219	0.185106	0.000163
218	Processed_l20160826-011742-V0645_Cen-I.fit	2457626.554543	0.183723	0.000161
219	Processed_l20160826-011810-V0645_Cen-I.fit	2457626.554856	0.184470	0.000163
220	Processed_l20160826-011837-V0645_Cen-I.fit	2457626.555180	0.178901	0.000162
221	Processed_l20160826-011905-V0645_Cen-I.fit	2457626.555492	0.180263	0.000161
222	Processed_l20160826-011933-V0645_Cen-I.fit	2457626.555816	0.178891	0.000161
223	Processed_l20160826-012000-V0645_Cen-I.fit	2457626.556129	0.182079	0.000163
224	Processed_l20160826-012028-V0645_Cen-I.fit	2457626.556453	0.183403	0.000163
225	Processed_l20160826-012055-V0645_Cen-I.fit	2457626.556765	0.182900	0.000164
226	Processed_l20160826-012123-V0645_Cen-I.fit	2457626.557089	0.182989	0.000162
227	Processed_l20160826-012150-V0645_Cen-I.fit	2457626.557402	0.183614	0.000163
228	Processed_l20160826-012218-V0645_Cen-I.fit	2457626.557726	0.183689	0.000164
229	Processed_l20160826-012246-V0645_Cen-I.fit	2457626.558050	0.181788	0.000163
230	Processed_l20160826-012313-V0645_Cen-I.fit	2457626.558363	0.180787	0.000162
231	Processed_l20160826-012341-V0645_Cen-I.fit	2457626.558687	0.181657	0.000160
232	Processed_l20160826-012408-V0645_Cen-I.fit	2457626.558999	0.182144	0.000159
233	Processed_l20160826-012436-V0645_Cen-I.fit	2457626.559323	0.183180	0.000162
234	Processed_l20160826-012503-V0645_Cen-I.fit	2457626.559647	0.182804	0.000163
235	Processed_l20160826-012531-V0645_Cen-I.fit	2457626.559960	0.182552	0.000164
236	Processed_l20160826-012558-V0645_Cen-I.fit	2457626.560272	0.181719	0.000162
237	Processed_l20160826-012626-V0645_Cen-I.fit	2457626.560596	0.178708	0.000161
238	Processed_l20160826-012654-V0645_Cen-I.fit	2457626.560920	0.179002	0.000160
239	Processed_l20160826-012721-V0645_Cen-I.fit	2457626.561233	0.180182	0.000161
240	Processed_l20160826-012749-V0645_Cen-I.fit	2457626.561557	0.183391	0.000164
241	Processed_l20160826-012816-V0645_Cen-I.fit	2457626.561869	0.180236	0.000160
242	Processed_l20160826-012844-V0645_Cen-I.fit	2457626.562193	0.183198	0.000164
243	Processed_l20160826-012912-V0645_Cen-I.fit	2457626.562517	0.179787	0.000161
244	Processed_l20160826-012939-V0645_Cen-I.fit	2457626.562830	0.178974	0.000161
245	Processed_l20160826-013007-V0645_Cen-I.fit	2457626.563154	0.181752	0.000162
246	Processed_l20160826-013034-V0645_Cen-I.fit	2457626.563466	0.181987	0.000163
247	Processed_l20160826-013102-V0645_Cen-I.fit	2457626.563790	0.182188	0.000162
248	Processed_l20160826-013129-V0645_Cen-I.fit	2457626.564114	0.181974	0.000161
249	Processed_l20160826-013157-V0645_Cen-I.fit	2457626.564427	0.182165	0.000162
250	Processed_l20160826-013225-V0645_Cen-I.fit	2457626.564751	0.181537	0.000162
251	Processed_l20160826-013252-V0645_Cen-I.fit	2457626.565063	0.181692	0.000162
252	Processed_l20160826-013320-V0645_Cen-I.fit	2457626.565387	0.178042	0.000160
253	Processed_l20160826-013347-V0645_Cen-I.fit	2457626.565712	0.178391	0.000160
254	Processed_l20160826-013415-V0645_Cen-I.fit	2457626.566024	0.179269	0.000160
255	Processed_l20160826-013443-V0645_Cen-I.fit	2457626.566348	0.182797	0.000161
256	Processed_l20160826-013510-V0645_Cen-I.fit	2457626.566661	0.179113	0.000161
257	Processed_l20160826-013538-V0645_Cen-I.fit	2457626.566985	0.181032	0.000163
258	Processed_l20160826-013605-V0645_Cen-I.fit	2457626.567297	0.183181	0.000162
259	Processed_l20160826-013633-V0645_Cen-I.fit	2457626.567621	0.180083	0.000161
260	Processed_l20160826-013700-V0645_Cen-I.fit	2457626.567934	0.177789	0.000160
261	Processed_l20160826-013728-V0645_Cen-I.fit	2457626.568258	0.182338	0.000162
262	Processed_l20160826-013755-V0645_Cen-I.fit	2457626.568582	0.183192	0.000162
263	Processed_l20160826-013823-V0645_Cen-I.fit	2457626.568894	0.184614	0.000164
264	Processed_l20160826-013850-V0645_Cen-I.fit	2457626.569218	0.182620	0.000161
265	Processed_l20160826-013918-V0645_Cen-I.fit	2457626.569531	0.183026	0.000163
266	Processed_l20160826-013946-V0645_Cen-I.fit	2457626.569855	0.183786	0.000162
267	Processed_l20160826-014013-V0645_Cen-I.fit	2457626.570167	0.183836	0.000163
268	Processed_l20160826-014041-V0645_Cen-I.fit	2457626.570491	0.183979	0.000163
269	Processed_l20160826-014108-V0645_Cen-I.fit	2457626.570804	0.182617	0.000162
270	Processed_l20160826-014136-V0645_Cen-I.fit	2457626.571128	0.179134	0.000161
271	Processed_l20160826-014203-V0645_Cen-I.fit	2457626.571440	0.178831	0.000161
272	Processed_l20160826-014231-V0645_Cen-I.fit	2457626.571764	0.180589	0.000162
273	Processed_l20160826-014258-V0645_Cen-I.fit	2457626.572077	0.182828	0.000164
274	Processed_l20160826-014326-V0645_Cen-I.fit	2457626.572401	0.184746	0.000166
275	Processed_l20160826-014353-V0645_Cen-I.fit	2457626.572725	0.179149	0.000162
276	Processed_l20160826-014421-V0645_Cen-I.fit	2457626.573037	0.180154	0.000162
277	Processed_l20160826-014448-V0645_Cen-I.fit	2457626.573361	0.181440	0.000162
278	Processed_l20160826-014516-V0645_Cen-I.fit	2457626.573674	0.181586	0.000163
279	Processed_l20160826-014544-V0645_Cen-I.fit	2457626.573998	0.179953	0.000162
280	Processed_l20160826-014611-V0645_Cen-I.fit	2457626.574310	0.181224	0.000163
281	Processed_l20160826-014639-V0645_Cen-I.fit	2457626.574635	0.180028	0.000162
282	Processed_l20160826-014706-V0645_Cen-I.fit	2457626.574947	0.177508	0.000161
283	Processed_l20160826-014734-V0645_Cen-I.fit	2457626.575271	0.182490	0.000164
284	Processed_l20160826-014802-V0645_Cen-I.fit	2457626.575595	0.181249	0.000162
285	Processed_l20160826-014829-V0645_Cen-I.fit	2457626.575908	0.183142	0.000163
286	Processed_l20160826-014857-V0645_Cen-I.fit	2457626.576232	0.175679	0.000159
287	Processed_l20160826-014924-V0645_Cen-I.fit	2457626.576544	0.180463	0.000160
288	Processed_l20160826-014952-V0645_Cen-I.fit	2457626.576868	0.183259	0.000162
289	Processed_l20160826-015047-V0645_Cen-I.fit	2457626.577505	0.180582	0.000160
290	Processed_l20160826-015114-V0645_Cen-I.fit	2457626.577829	0.178956	0.000159
291	Processed_l20160826-015142-V0645_Cen-I.fit	2457626.578141	0.182942	0.000161
292	Processed_l20160826-015210-V0645_Cen-I.fit	2457626.578465	0.184721	0.000163
293	Processed_l20160826-015237-V0645_Cen-I.fit	2457626.578789	0.181969	0.000161
294	Processed_l20160826-015305-V0645_Cen-I.fit	2457626.579102	0.183994	0.000163
295	Processed_l20160826-015332-V0645_Cen-I.fit	2457626.579426	0.182713	0.000161
296	Processed_l20160826-015405-V0645_Cen-I.fit	2457626.579796	0.181285	0.000159
297	Processed_l20160826-015433-V0645_Cen-I.fit	2457626.580120	0.185588	0.000163
298	Processed_l20160826-015501-V0645_Cen-I.fit	2457626.580444	0.183518	0.000161
299	Processed_l20160826-015528-V0645_Cen-I.fit	2457626.580757	0.184217	0.000161
300	Processed_l20160826-015556-V0645_Cen-I.fit	2457626.581081	0.183885	0.000162
301	Processed_l20160826-015624-V0645_Cen-I.fit	2457626.581405	0.180816	0.000160
302	Processed_l20160826-015652-V0645_Cen-I.fit	2457626.581729	0.184020	0.000161
303	Processed_l20160826-015719-V0645_Cen-I.fit	2457626.582041	0.186633	0.000163
304	Processed_l20160826-015747-V0645_Cen-I.fit	2457626.582365	0.182436	0.000161
305	Processed_l20160826-015814-V0645_Cen-I.fit	2457626.582678	0.180554	0.000160
306	Processed_l20160826-015842-V0645_Cen-I.fit	2457626.583002	0.181415	0.000160
307	Processed_l20160826-015909-V0645_Cen-I.fit	2457626.583314	0.183347	0.000161
308	Processed_l20160826-015937-V0645_Cen-I.fit	2457626.583639	0.183056	0.000162
309	Processed_l20160826-020004-V0645_Cen-I.fit	2457626.583951	0.183361	0.000162
310	Processed_l20160826-020032-V0645_Cen-I.fit	2457626.584275	0.182975	0.000161
311	Processed_l20160826-020059-V0645_Cen-I.fit	2457626.584588	0.182315	0.000160
312	Processed_l20160826-020127-V0645_Cen-I.fit	2457626.584912	0.185900	0.000163
313	Processed_l20160826-020154-V0645_Cen-I.fit	2457626.585236	0.179377	0.000160
314	Processed_l20160826-020222-V0645_Cen-I.fit	2457626.585548	0.178650	0.000159
315	Processed_l20160826-020249-V0645_Cen-I.fit	2457626.585872	0.181876	0.000162
316	Processed_l20160826-020317-V0645_Cen-I.fit	2457626.586185	0.183207	0.000161
317	Processed_l20160826-020344-V0645_Cen-I.fit	2457626.586509	0.180385	0.000159
318	Processed_l20160826-020412-V0645_Cen-I.fit	2457626.586821	0.184376	0.000162
319	Processed_l20160826-020439-V0645_Cen-I.fit	2457626.587134	0.181563	0.000160
320	Processed_l20160826-020507-V0645_Cen-I.fit	2457626.587458	0.181850	0.000162
321	Processed_l20160826-020534-V0645_Cen-I.fit	2457626.587782	0.180461	0.000160
322	Processed_l20160826-020602-V0645_Cen-I.fit	2457626.588094	0.183674	0.000165
323	Processed_l20160826-020630-V0645_Cen-I.fit	2457626.588418	0.183720	0.000162
324	Processed_l20160826-020657-V0645_Cen-I.fit	2457626.588731	0.181944	0.000164
325	Processed_l20160826-020725-V0645_Cen-I.fit	2457626.589055	0.187070	0.000166
326	Processed_l20160826-020752-V0645_Cen-I.fit	2457626.589379	0.179608	0.000160
327	Processed_l20160826-020820-V0645_Cen-I.fit	2457626.589691	0.184529	0.000162
328	Processed_l20160826-020848-V0645_Cen-I.fit	2457626.590015	0.182475	0.000159
329	Processed_l20160826-020915-V0645_Cen-I.fit	2457626.590339	0.186210	0.000163
330	Processed_l20160826-020943-V0645_Cen-I.fit	2457626.590652	0.182148	0.000161
331	Processed_l20160826-021011-V0645_Cen-I.fit	2457626.590976	0.182605	0.000161
332	Processed_l20160826-021038-V0645_Cen-I.fit	2457626.591288	0.182421	0.000162
333	Processed_l20160826-021106-V0645_Cen-I.fit	2457626.591613	0.184246	0.000163
334	Processed_l20160826-021133-V0645_Cen-I.fit	2457626.591937	0.182834	0.000161
335	Processed_l20160826-021201-V0645_Cen-I.fit	2457626.592249	0.181611	0.000160
336	Processed_l20160826-021229-V0645_Cen-I.fit	2457626.592573	0.182954	0.000160
337	Processed_l20160826-021256-V0645_Cen-I.fit	2457626.592886	0.180061	0.000160
338	Processed_l20160826-021324-V0645_Cen-I.fit	2457626.593210	0.180896	0.000159
339	Processed_l20160826-021351-V0645_Cen-I.fit	2457626.593522	0.183714	0.000162
340	Processed_l20160826-021419-V0645_Cen-I.fit	2457626.593846	0.179221	0.000158
341	Processed_l20160826-021447-V0645_Cen-I.fit	2457626.594170	0.180071	0.000160
342	Processed_l20160826-021514-V0645_Cen-I.fit	2457626.594483	0.184014	0.000164
343	Processed_l20160826-021542-V0645_Cen-I.fit	2457626.594807	0.180753	0.000161
344	Processed_l20160826-021609-V0645_Cen-I.fit	2457626.595119	0.180261	0.000159
345	Processed_l20160826-021637-V0645_Cen-I.fit	2457626.595443	0.182541	0.000161
346	Processed_l20160826-021704-V0645_Cen-I.fit	2457626.595756	0.182523	0.000162
347	Processed_l20160826-021732-V0645_Cen-I.fit	2457626.596080	0.181429	0.000160
348	Processed_l20160826-021759-V0645_Cen-I.fit	2457626.596404	0.183904	0.000162
349	Processed_l20160826-021827-V0645_Cen-I.fit	2457626.596716	0.181663	0.000161
350	Processed_l20160826-021854-V0645_Cen-I.fit	2457626.597040	0.184546	0.000164
351	Processed_l20160826-021922-V0645_Cen-I.fit	2457626.597353	0.180092	0.000159
352	Processed_l20160826-021950-V0645_Cen-I.fit	2457626.597677	0.184258	0.000162
353	Processed_l20160826-022017-V0645_Cen-I.fit	2457626.597989	0.182212	0.000162
354	Processed_l20160826-022045-V0645_Cen-I.fit	2457626.598313	0.184592	0.000163
355	Processed_l20160826-022112-V0645_Cen-I.fit	2457626.598626	0.183162	0.000162
356	Processed_l20160826-022140-V0645_Cen-I.fit	2457626.598950	0.184916	0.000164
357	Processed_l20160826-022207-V0645_Cen-I.fit	2457626.599262	0.181103	0.000162
358	Processed_l20160826-022235-V0645_Cen-I.fit	2457626.599586	0.182186	0.000161
359	Processed_l20160826-022302-V0645_Cen-I.fit	2457626.599899	0.186317	0.000164
360	Processed_l20160826-022330-V0645_Cen-I.fit	2457626.600223	0.184369	0.000162
361	Processed_l20160826-022425-V0645_Cen-I.fit	2457626.600860	0.183683	0.000163
362	Processed_l20160826-022452-V0645_Cen-I.fit	2457626.601172	0.180697	0.000161
363	Processed_l20160826-022520-V0645_Cen-I.fit	2457626.601496	0.176728	0.000160
364	Processed_l20160826-022548-V0645_Cen-I.fit	2457626.601820	0.181390	0.000160
365	Processed_l20160826-022615-V0645_Cen-I.fit	2457626.602133	0.181879	0.000162
366	Processed_l20160826-022710-V0645_Cen-I.fit	2457626.602769	0.180844	0.000160
367	Processed_l20160826-022738-V0645_Cen-I.fit	2457626.603093	0.179880	0.000159
368	Processed_l20160826-022806-V0645_Cen-I.fit	2457626.603417	0.180695	0.000159
369	Processed_l20160826-022834-V0645_Cen-I.fit	2457626.603741	0.182290	0.000161
370	Processed_l20160826-022901-V0645_Cen-I.fit	2457626.604054	0.180371	0.000161
371	Processed_l20160826-022929-V0645_Cen-I.fit	2457626.604378	0.180400	0.000158
372	Processed_l20160826-022956-V0645_Cen-I.fit	2457626.604690	0.187547	0.000161
373	Processed_l20160826-023024-V0645_Cen-I.fit	2457626.605014	0.180050	0.000158
374	Processed_l20160826-023051-V0645_Cen-I.fit	2457626.605327	0.182446	0.000161
375	Processed_l20160826-023119-V0645_Cen-I.fit	2457626.605651	0.183511	0.000161
376	Processed_l20160826-023242-V0645_Cen-I.fit	2457626.606611	0.182531	0.000162
377	Processed_l20160826-023310-V0645_Cen-I.fit	2457626.606936	0.184216	0.000164
378	Processed_l20160826-023337-V0645_Cen-I.fit	2457626.607248	0.184196	0.000162
379	Processed_l20160826-023405-V0645_Cen-I.fit	2457626.607572	0.180506	0.000160
380	Processed_l20160826-023433-V0645_Cen-I.fit	2457626.607896	0.184716	0.000163
381	Processed_l20160826-023501-V0645_Cen-I.fit	2457626.608220	0.184877	0.000163
382	Processed_l20160826-023528-V0645_Cen-I.fit	2457626.608533	0.180031	0.000161
383	Processed_l20160826-023556-V0645_Cen-I.fit	2457626.608857	0.185420	0.000163
384	Processed_l20160826-023623-V0645_Cen-I.fit	2457626.609169	0.180642	0.000162
385	Processed_l20160826-023651-V0645_Cen-I.fit	2457626.609493	0.183660	0.000162
386	Processed_l20160826-023718-V0645_Cen-I.fit	2457626.609806	0.180121	0.000162
387	Processed_l20160826-023746-V0645_Cen-I.fit	2457626.610130	0.181352	0.000162
388	Processed_l20160826-023813-V0645_Cen-I.fit	2457626.610442	0.180408	0.000162
389	Processed_l20160826-023841-V0645_Cen-I.fit	2457626.610766	0.183352	0.000163
390	Processed_l20160826-023909-V0645_Cen-I.fit	2457626.611090	0.181914	0.000163
391	Processed_l20160826-023936-V0645_Cen-I.fit	2457626.611403	0.182419	0.000163
392	Processed_l20160826-024004-V0645_Cen-I.fit	2457626.611727	0.180749	0.000162
393	Processed_l20160826-024031-V0645_Cen-I.fit	2457626.612039	0.184012	0.000164
394	Processed_l20160826-024059-V0645_Cen-I.fit	2457626.612363	0.183819	0.000165
395	Processed_l20160826-024126-V0645_Cen-I.fit	2457626.612676	0.184592	0.000165
396	Processed_l20160826-024154-V0645_Cen-I.fit	2457626.613000	0.179762	0.000163
397	Processed_l20160826-024221-V0645_Cen-I.fit	2457626.613312	0.180244	0.000162
398	Processed_l20160826-024249-V0645_Cen-I.fit	2457626.613636	0.183889	0.000163
399	Processed_l20160826-024316-V0645_Cen-I.fit	2457626.613960	0.180214	0.000162
400	Processed_l20160826-024344-V0645_Cen-I.fit	2457626.614273	0.181358	0.000163
401	Processed_l20160826-024412-V0645_Cen-I.fit	2457626.614597	0.177706	0.000161
402	Processed_l20160826-024440-V0645_Cen-I.fit	2457626.614921	0.181917	0.000163
403	Processed_l20160826-024507-V0645_Cen-I.fit	2457626.615234	0.180067	0.000162
404	Processed_l20160826-024535-V0645_Cen-I.fit	2457626.615558	0.182915	0.000163
405	Processed_l20160826-024602-V0645_Cen-I.fit	2457626.615882	0.183222	0.000163
406	Processed_l20160826-024630-V0645_Cen-I.fit	2457626.616194	0.188831	0.000167
407	Processed_l20160826-024658-V0645_Cen-I.fit	2457626.616518	0.181075	0.000162
408	Processed_l20160826-024725-V0645_Cen-I.fit	2457626.616831	0.179478	0.000163
409	Processed_l20160826-024753-V0645_Cen-I.fit	2457626.617155	0.182216	0.000164
410	Processed_l20160826-024821-V0645_Cen-I.fit	2457626.617479	0.183116	0.000163
411	Processed_l20160826-024848-V0645_Cen-I.fit	2457626.617791	0.184199	0.000164
412	Processed_l20160826-024916-V0645_Cen-I.fit	2457626.618115	0.185441	0.000165
413	Processed_l20160826-024943-V0645_Cen-I.fit	2457626.618428	0.183873	0.000165
414	Processed_l20160826-025011-V0645_Cen-I.fit	2457626.618752	0.182910	0.000162
415	Processed_l20160826-025038-V0645_Cen-I.fit	2457626.619064	0.185540	0.000163
416	Processed_l20160826-025106-V0645_Cen-I.fit	2457626.619388	0.180674	0.000162
417	Processed_l20160826-025134-V0645_Cen-I.fit	2457626.619712	0.185409	0.000163
418	Processed_l20160826-025229-V0645_Cen-I.fit	2457626.620349	0.183832	0.000163
419	Processed_l20160826-025257-V0645_Cen-I.fit	2457626.620673	0.185203	0.000165
420	Processed_l20160826-025324-V0645_Cen-I.fit	2457626.620985	0.183916	0.000163
421	Processed_l20160826-025352-V0645_Cen-I.fit	2457626.621310	0.181435	0.000162
422	Processed_l20160826-025419-V0645_Cen-I.fit	2457626.621622	0.183142	0.000163
423	Processed_l20160826-025447-V0645_Cen-I.fit	2457626.621946	0.179165	0.000160
424	Processed_l20160826-025514-V0645_Cen-I.fit	2457626.622259	0.184037	0.000164
425	Processed_l20160826-025542-V0645_Cen-I.fit	2457626.622583	0.182302	0.000162
426	Processed_l20160826-025610-V0645_Cen-I.fit	2457626.622907	0.179490	0.000161
427	Processed_l20160826-025637-V0645_Cen-I.fit	2457626.623219	0.181529	0.000162
428	Processed_l20160826-025705-V0645_Cen-I.fit	2457626.623543	0.182008	0.000163
429	Processed_l20160826-025733-V0645_Cen-I.fit	2457626.623867	0.185848	0.000163
430	Processed_l20160826-025800-V0645_Cen-I.fit	2457626.624180	0.180100	0.000161
431	Processed_l20160826-025828-V0645_Cen-I.fit	2457626.624504	0.182611	0.000162
432	Processed_l20160826-025855-V0645_Cen-I.fit	2457626.624816	0.181645	0.000163
433	Processed_l20160826-025923-V0645_Cen-I.fit	2457626.625140	0.181698	0.000162
434	Processed_l20160826-025951-V0645_Cen-I.fit	2457626.625464	0.185272	0.000164
435	Processed_l20160826-030018-V0645_Cen-I.fit	2457626.625777	0.182881	0.000162
436	Processed_l20160826-030046-V0645_Cen-I.fit	2457626.626101	0.182786	0.000162
437	Processed_l20160826-030113-V0645_Cen-I.fit	2457626.626413	0.182108	0.000162
438	Processed_l20160826-030141-V0645_Cen-I.fit	2457626.626737	0.177408	0.000159
439	Processed_l20160826-030208-V0645_Cen-I.fit	2457626.627061	0.184270	0.000161
440	Processed_l20160826-030236-V0645_Cen-I.fit	2457626.627374	0.185272	0.000164
