#	Label	BJD_TDB	rel_flux_T1	rel_flux_err_T1
1	Processed_l20160825-233458-V0645_Cen-I.fit	2457626.483194	0.241524	0.000203
2	Processed_l20160825-233530-V0645_Cen-I.fit	2457626.483564	0.243091	0.000203
3	Processed_l20160825-233659-V0645_Cen-I.fit	2457626.484595	0.243161	0.000203
4	Processed_l20160825-233727-V0645_Cen-I.fit	2457626.484919	0.243688	0.000203
5	Processed_l20160825-233754-V0645_Cen-I.fit	2457626.485231	0.243971	0.000203
6	Processed_l20160825-233822-V0645_Cen-I.fit	2457626.485555	0.243392	0.000203
7	Processed_l20160825-233849-V0645_Cen-I.fit	2457626.485879	0.241906	0.000202
8	Processed_l20160825-233917-V0645_Cen-I.fit	2457626.486192	0.243520	0.000203
9	Processed_l20160825-233945-V0645_Cen-I.fit	2457626.486516	0.242989	0.000202
10	Processed_l20160825-234012-V0645_Cen-I.fit	2457626.486828	0.242433	0.000202
11	Processed_l20160825-234040-V0645_Cen-I.fit	2457626.487152	0.243918	0.000202
12	Processed_l20160825-234107-V0645_Cen-I.fit	2457626.487465	0.242892	0.000202
13	Processed_l20160825-234135-V0645_Cen-I.fit	2457626.487789	0.242417	0.000201
14	Processed_l20160825-234202-V0645_Cen-I.fit	2457626.488101	0.242516	0.000201
15	Processed_l20160825-234230-V0645_Cen-I.fit	2457626.488425	0.242422	0.000201
16	Processed_l20160825-234257-V0645_Cen-I.fit	2457626.488738	0.242515	0.000201
17	Processed_l20160825-234325-V0645_Cen-I.fit	2457626.489062	0.242699	0.000202
18	Processed_l20160825-234353-V0645_Cen-I.fit	2457626.489386	0.242262	0.000201
19	Processed_l20160825-234420-V0645_Cen-I.fit	2457626.489698	0.243969	0.000202
20	Processed_l20160825-234448-V0645_Cen-I.fit	2457626.490022	0.242634	0.000201
21	Processed_l20160825-234515-V0645_Cen-I.fit	2457626.490335	0.242808	0.000201
22	Processed_l20160825-234543-V0645_Cen-I.fit	2457626.490659	0.242661	0.000201
23	Processed_l20160825-234610-V0645_Cen-I.fit	2457626.490971	0.242426	0.000201
24	Processed_l20160825-234638-V0645_Cen-I.fit	2457626.491295	0.242552	0.000201
25	Processed_l20160825-234705-V0645_Cen-I.fit	2457626.491619	0.242225	0.000201
26	Processed_l20160825-234733-V0645_Cen-I.fit	2457626.491932	0.242869	0.000202
27	Processed_l20160825-234800-V0645_Cen-I.fit	2457626.492256	0.241898	0.000201
28	Processed_l20160825-234828-V0645_Cen-I.fit	2457626.492568	0.243578	0.000202
29	Processed_l20160825-234855-V0645_Cen-I.fit	2457626.492893	0.241854	0.000201
30	Processed_l20160825-234923-V0645_Cen-I.fit	2457626.493205	0.243835	0.000202
31	Processed_l20160825-234951-V0645_Cen-I.fit	2457626.493529	0.242619	0.000202
32	Processed_l20160825-235018-V0645_Cen-I.fit	2457626.493842	0.241538	0.000201
33	Processed_l20160825-235046-V0645_Cen-I.fit	2457626.494166	0.241594	0.000201
34	Processed_l20160825-235113-V0645_Cen-I.fit	2457626.494478	0.241552	0.000201
35	Processed_l20160825-235141-V0645_Cen-I.fit	2457626.494802	0.242177	0.000201
36	Processed_l20160825-235209-V0645_Cen-I.fit	2457626.495126	0.243489	0.000202
37	Processed_l20160825-235236-V0645_Cen-I.fit	2457626.495439	0.243241	0.000202
38	Processed_l20160825-235304-V0645_Cen-I.fit	2457626.495763	0.243227	0.000202
39	Processed_l20160825-235331-V0645_Cen-I.fit	2457626.496075	0.242784	0.000202
40	Processed_l20160825-235359-V0645_Cen-I.fit	2457626.496399	0.243299	0.000202
41	Processed_l20160825-235426-V0645_Cen-I.fit	2457626.496712	0.241993	0.000201
42	Processed_l20160825-235454-V0645_Cen-I.fit	2457626.497036	0.242780	0.000202
43	Processed_l20160825-235521-V0645_Cen-I.fit	2457626.497360	0.242647	0.000202
44	Processed_l20160825-235549-V0645_Cen-I.fit	2457626.497672	0.243213	0.000202
45	Processed_l20160825-235616-V0645_Cen-I.fit	2457626.497985	0.240694	0.000201
46	Processed_l20160825-235644-V0645_Cen-I.fit	2457626.498309	0.242685	0.000202
47	Processed_l20160825-235712-V0645_Cen-I.fit	2457626.498633	0.242556	0.000202
48	Processed_l20160825-235739-V0645_Cen-I.fit	2457626.498945	0.244303	0.000203
49	Processed_l20160825-235807-V0645_Cen-I.fit	2457626.499269	0.242117	0.000202
50	Processed_l20160825-235834-V0645_Cen-I.fit	2457626.499582	0.242940	0.000202
51	Processed_l20160825-235902-V0645_Cen-I.fit	2457626.499906	0.242889	0.000202
52	Processed_l20160825-235929-V0645_Cen-I.fit	2457626.500230	0.241595	0.000201
53	Processed_l20160825-235957-V0645_Cen-I.fit	2457626.500542	0.240896	0.000201
54	Processed_l20160826-000025-V0645_Cen-I.fit	2457626.500867	0.241890	0.000202
55	Processed_l20160826-000052-V0645_Cen-I.fit	2457626.501179	0.241820	0.000201
56	Processed_l20160826-000120-V0645_Cen-I.fit	2457626.501503	0.242177	0.000201
57	Processed_l20160826-000147-V0645_Cen-I.fit	2457626.501816	0.243321	0.000202
58	Processed_l20160826-000215-V0645_Cen-I.fit	2457626.502140	0.242193	0.000202
59	Processed_l20160826-000243-V0645_Cen-I.fit	2457626.502464	0.242702	0.000202
60	Processed_l20160826-000310-V0645_Cen-I.fit	2457626.502776	0.242548	0.000202
61	Processed_l20160826-000338-V0645_Cen-I.fit	2457626.503100	0.242308	0.000202
62	Processed_l20160826-000405-V0645_Cen-I.fit	2457626.503424	0.242773	0.000202
63	Processed_l20160826-000433-V0645_Cen-I.fit	2457626.503737	0.242853	0.000202
64	Processed_l20160826-000501-V0645_Cen-I.fit	2457626.504061	0.242338	0.000202
65	Processed_l20160826-000528-V0645_Cen-I.fit	2457626.504373	0.243532	0.000202
66	Processed_l20160826-000556-V0645_Cen-I.fit	2457626.504697	0.242333	0.000202
67	Processed_l20160826-000623-V0645_Cen-I.fit	2457626.505010	0.242292	0.000202
68	Processed_l20160826-000651-V0645_Cen-I.fit	2457626.505334	0.242982	0.000202
69	Processed_l20160826-000718-V0645_Cen-I.fit	2457626.505646	0.241038	0.000202
70	Processed_l20160826-000746-V0645_Cen-I.fit	2457626.505970	0.242859	0.000203
71	Processed_l20160826-000814-V0645_Cen-I.fit	2457626.506294	0.242802	0.000202
72	Processed_l20160826-000841-V0645_Cen-I.fit	2457626.506607	0.241250	0.000201
73	Processed_l20160826-000909-V0645_Cen-I.fit	2457626.506931	0.242654	0.000202
74	Processed_l20160826-000936-V0645_Cen-I.fit	2457626.507243	0.242292	0.000203
75	Processed_l20160826-001004-V0645_Cen-I.fit	2457626.507567	0.242195	0.000202
76	Processed_l20160826-001032-V0645_Cen-I.fit	2457626.507891	0.241893	0.000202
77	Processed_l20160826-001059-V0645_Cen-I.fit	2457626.508204	0.243042	0.000203
78	Processed_l20160826-001127-V0645_Cen-I.fit	2457626.508528	0.242612	0.000203
79	Processed_l20160826-001154-V0645_Cen-I.fit	2457626.508840	0.242919	0.000203
80	Processed_l20160826-001222-V0645_Cen-I.fit	2457626.509165	0.241855	0.000202
81	Processed_l20160826-001250-V0645_Cen-I.fit	2457626.509489	0.242054	0.000202
82	Processed_l20160826-001317-V0645_Cen-I.fit	2457626.509801	0.242035	0.000202
83	Processed_l20160826-001345-V0645_Cen-I.fit	2457626.510125	0.240504	0.000202
84	Processed_l20160826-001412-V0645_Cen-I.fit	2457626.510438	0.241250	0.000202
85	Processed_l20160826-001440-V0645_Cen-I.fit	2457626.510762	0.242605	0.000203
86	Processed_l20160826-001508-V0645_Cen-I.fit	2457626.511086	0.242086	0.000203
87	Processed_l20160826-001535-V0645_Cen-I.fit	2457626.511398	0.243240	0.000203
88	Processed_l20160826-001603-V0645_Cen-I.fit	2457626.511722	0.242257	0.000203
89	Processed_l20160826-001630-V0645_Cen-I.fit	2457626.512035	0.242420	0.000203
90	Processed_l20160826-001658-V0645_Cen-I.fit	2457626.512359	0.242233	0.000203
91	Processed_l20160826-001725-V0645_Cen-I.fit	2457626.512671	0.242982	0.000203
92	Processed_l20160826-001753-V0645_Cen-I.fit	2457626.512995	0.241992	0.000202
93	Processed_l20160826-001820-V0645_Cen-I.fit	2457626.513308	0.241958	0.000203
94	Processed_l20160826-001848-V0645_Cen-I.fit	2457626.513632	0.241565	0.000202
95	Processed_l20160826-001915-V0645_Cen-I.fit	2457626.513944	0.243223	0.000203
96	Processed_l20160826-001943-V0645_Cen-I.fit	2457626.514268	0.243538	0.000204
97	Processed_l20160826-002010-V0645_Cen-I.fit	2457626.514581	0.241491	0.000202
98	Processed_l20160826-002038-V0645_Cen-I.fit	2457626.514905	0.241637	0.000202
99	Processed_l20160826-002105-V0645_Cen-I.fit	2457626.515217	0.242001	0.000203
100	Processed_l20160826-002133-V0645_Cen-I.fit	2457626.515541	0.242238	0.000203
101	Processed_l20160826-002200-V0645_Cen-I.fit	2457626.515865	0.242132	0.000202
102	Processed_l20160826-002228-V0645_Cen-I.fit	2457626.516178	0.242857	0.000203
103	Processed_l20160826-002256-V0645_Cen-I.fit	2457626.516502	0.242916	0.000203
104	Processed_l20160826-002324-V0645_Cen-I.fit	2457626.516838	0.243054	0.000203
105	Processed_l20160826-002352-V0645_Cen-I.fit	2457626.517150	0.241252	0.000202
106	Processed_l20160826-002419-V0645_Cen-I.fit	2457626.517474	0.243131	0.000203
107	Processed_l20160826-002447-V0645_Cen-I.fit	2457626.517787	0.242208	0.000202
108	Processed_l20160826-002514-V0645_Cen-I.fit	2457626.518111	0.243143	0.000203
109	Processed_l20160826-002542-V0645_Cen-I.fit	2457626.518423	0.241879	0.000202
110	Processed_l20160826-002610-V0645_Cen-I.fit	2457626.518747	0.242419	0.000203
111	Processed_l20160826-002637-V0645_Cen-I.fit	2457626.519060	0.242733	0.000203
112	Processed_l20160826-002705-V0645_Cen-I.fit	2457626.519384	0.242112	0.000202
113	Processed_l20160826-002732-V0645_Cen-I.fit	2457626.519696	0.243757	0.000203
114	Processed_l20160826-002800-V0645_Cen-I.fit	2457626.520020	0.242277	0.000203
115	Processed_l20160826-002828-V0645_Cen-I.fit	2457626.520344	0.241854	0.000202
116	Processed_l20160826-002855-V0645_Cen-I.fit	2457626.520657	0.242867	0.000202
117	Processed_l20160826-002923-V0645_Cen-I.fit	2457626.520981	0.242331	0.000203
118	Processed_l20160826-002950-V0645_Cen-I.fit	2457626.521293	0.243296	0.000203
119	Processed_l20160826-003018-V0645_Cen-I.fit	2457626.521617	0.243541	0.000203
120	Processed_l20160826-003045-V0645_Cen-I.fit	2457626.521930	0.244049	0.000204
121	Processed_l20160826-003113-V0645_Cen-I.fit	2457626.522254	0.241841	0.000203
122	Processed_l20160826-003140-V0645_Cen-I.fit	2457626.522566	0.243173	0.000203
123	Processed_l20160826-003208-V0645_Cen-I.fit	2457626.522890	0.241495	0.000202
124	Processed_l20160826-003235-V0645_Cen-I.fit	2457626.523203	0.241672	0.000202
125	Processed_l20160826-003303-V0645_Cen-I.fit	2457626.523527	0.242006	0.000203
126	Processed_l20160826-003331-V0645_Cen-I.fit	2457626.523851	0.241234	0.000202
127	Processed_l20160826-003358-V0645_Cen-I.fit	2457626.524164	0.242312	0.000203
128	Processed_l20160826-003426-V0645_Cen-I.fit	2457626.524488	0.243104	0.000203
129	Processed_l20160826-003453-V0645_Cen-I.fit	2457626.524812	0.242310	0.000203
130	Processed_l20160826-003521-V0645_Cen-I.fit	2457626.525124	0.242867	0.000203
131	Processed_l20160826-003549-V0645_Cen-I.fit	2457626.525448	0.243026	0.000204
132	Processed_l20160826-003616-V0645_Cen-I.fit	2457626.525761	0.243223	0.000204
133	Processed_l20160826-003644-V0645_Cen-I.fit	2457626.526085	0.240655	0.000202
134	Processed_l20160826-003712-V0645_Cen-I.fit	2457626.526409	0.242603	0.000203
135	Processed_l20160826-003739-V0645_Cen-I.fit	2457626.526721	0.241313	0.000202
136	Processed_l20160826-003807-V0645_Cen-I.fit	2457626.527045	0.243002	0.000203
137	Processed_l20160826-003834-V0645_Cen-I.fit	2457626.527358	0.242716	0.000203
138	Processed_l20160826-003902-V0645_Cen-I.fit	2457626.527682	0.242664	0.000203
139	Processed_l20160826-003929-V0645_Cen-I.fit	2457626.527994	0.242074	0.000203
140	Processed_l20160826-003957-V0645_Cen-I.fit	2457626.528318	0.242324	0.000203
141	Processed_l20160826-004024-V0645_Cen-I.fit	2457626.528631	0.243032	0.000204
142	Processed_l20160826-004052-V0645_Cen-I.fit	2457626.528955	0.242627	0.000203
143	Processed_l20160826-004119-V0645_Cen-I.fit	2457626.529267	0.242414	0.000203
144	Processed_l20160826-004147-V0645_Cen-I.fit	2457626.529591	0.241302	0.000202
145	Processed_l20160826-004214-V0645_Cen-I.fit	2457626.529904	0.242306	0.000203
146	Processed_l20160826-004242-V0645_Cen-I.fit	2457626.530228	0.243208	0.000203
147	Processed_l20160826-004309-V0645_Cen-I.fit	2457626.530540	0.243598	0.000204
148	Processed_l20160826-004337-V0645_Cen-I.fit	2457626.530864	0.241363	0.000202
149	Processed_l20160826-004404-V0645_Cen-I.fit	2457626.531177	0.243086	0.000203
150	Processed_l20160826-004432-V0645_Cen-I.fit	2457626.531501	0.244240	0.000204
151	Processed_l20160826-004505-V0645_Cen-I.fit	2457626.531883	0.243143	0.000203
152	Processed_l20160826-004532-V0645_Cen-I.fit	2457626.532195	0.242647	0.000203
153	Processed_l20160826-004600-V0645_Cen-I.fit	2457626.532531	0.240345	0.000202
154	Processed_l20160826-004628-V0645_Cen-I.fit	2457626.532843	0.242286	0.000203
155	Processed_l20160826-004656-V0645_Cen-I.fit	2457626.533168	0.241494	0.000202
156	Processed_l20160826-004723-V0645_Cen-I.fit	2457626.533480	0.242635	0.000203
157	Processed_l20160826-004751-V0645_Cen-I.fit	2457626.533804	0.243031	0.000203
158	Processed_l20160826-004818-V0645_Cen-I.fit	2457626.534117	0.242814	0.000203
159	Processed_l20160826-004846-V0645_Cen-I.fit	2457626.534441	0.241732	0.000203
160	Processed_l20160826-004913-V0645_Cen-I.fit	2457626.534753	0.240938	0.000202
161	Processed_l20160826-004941-V0645_Cen-I.fit	2457626.535077	0.242049	0.000203
162	Processed_l20160826-005008-V0645_Cen-I.fit	2457626.535390	0.242606	0.000203
163	Processed_l20160826-005036-V0645_Cen-I.fit	2457626.535714	0.241748	0.000202
164	Processed_l20160826-005103-V0645_Cen-I.fit	2457626.536026	0.241539	0.000203
165	Processed_l20160826-005131-V0645_Cen-I.fit	2457626.536350	0.242037	0.000203
166	Processed_l20160826-005158-V0645_Cen-I.fit	2457626.536663	0.241698	0.000202
167	Processed_l20160826-005226-V0645_Cen-I.fit	2457626.536987	0.243186	0.000203
168	Processed_l20160826-005254-V0645_Cen-I.fit	2457626.537311	0.242894	0.000203
169	Processed_l20160826-005321-V0645_Cen-I.fit	2457626.537623	0.243380	0.000203
170	Processed_l20160826-005349-V0645_Cen-I.fit	2457626.537947	0.243106	0.000203
171	Processed_l20160826-005416-V0645_Cen-I.fit	2457626.538260	0.242045	0.000202
172	Processed_l20160826-005444-V0645_Cen-I.fit	2457626.538584	0.243441	0.000203
173	Processed_l20160826-005511-V0645_Cen-I.fit	2457626.538896	0.242569	0.000203
174	Processed_l20160826-005539-V0645_Cen-I.fit	2457626.539220	0.242114	0.000202
175	Processed_l20160826-005606-V0645_Cen-I.fit	2457626.539533	0.243178	0.000203
176	Processed_l20160826-005634-V0645_Cen-I.fit	2457626.539857	0.241234	0.000202
177	Processed_l20160826-005701-V0645_Cen-I.fit	2457626.540169	0.241339	0.000202
178	Processed_l20160826-005729-V0645_Cen-I.fit	2457626.540493	0.241127	0.000202
179	Processed_l20160826-005757-V0645_Cen-I.fit	2457626.540817	0.243036	0.000203
180	Processed_l20160826-005824-V0645_Cen-I.fit	2457626.541130	0.242133	0.000202
181	Processed_l20160826-005852-V0645_Cen-I.fit	2457626.541454	0.241481	0.000202
182	Processed_l20160826-005919-V0645_Cen-I.fit	2457626.541766	0.243602	0.000204
183	Processed_l20160826-005947-V0645_Cen-I.fit	2457626.542091	0.242183	0.000203
184	Processed_l20160826-010015-V0645_Cen-I.fit	2457626.542415	0.242027	0.000203
185	Processed_l20160826-010042-V0645_Cen-I.fit	2457626.542727	0.241926	0.000202
186	Processed_l20160826-010110-V0645_Cen-I.fit	2457626.543051	0.243186	0.000203
187	Processed_l20160826-010137-V0645_Cen-I.fit	2457626.543375	0.241667	0.000201
188	Processed_l20160826-010205-V0645_Cen-I.fit	2457626.543688	0.240909	0.000201
189	Processed_l20160826-010233-V0645_Cen-I.fit	2457626.544012	0.240247	0.000201
190	Processed_l20160826-010300-V0645_Cen-I.fit	2457626.544324	0.241982	0.000202
191	Processed_l20160826-010328-V0645_Cen-I.fit	2457626.544648	0.242439	0.000202
192	Processed_l20160826-010356-V0645_Cen-I.fit	2457626.544972	0.241414	0.000202
193	Processed_l20160826-010423-V0645_Cen-I.fit	2457626.545285	0.241558	0.000202
194	Processed_l20160826-010451-V0645_Cen-I.fit	2457626.545609	0.245216	0.000204
195	Processed_l20160826-010519-V0645_Cen-I.fit	2457626.545933	0.241545	0.000202
196	Processed_l20160826-010546-V0645_Cen-I.fit	2457626.546245	0.241334	0.000202
197	Processed_l20160826-010614-V0645_Cen-I.fit	2457626.546569	0.242248	0.000202
198	Processed_l20160826-010641-V0645_Cen-I.fit	2457626.546893	0.241142	0.000202
199	Processed_l20160826-010709-V0645_Cen-I.fit	2457626.547206	0.241955	0.000202
200	Processed_l20160826-010859-V0645_Cen-I.fit	2457626.548479	0.243141	0.000203
201	Processed_l20160826-010954-V0645_Cen-I.fit	2457626.549127	0.241872	0.000202
202	Processed_l20160826-011022-V0645_Cen-I.fit	2457626.549440	0.243177	0.000203
203	Processed_l20160826-011050-V0645_Cen-I.fit	2457626.549764	0.241691	0.000203
204	Processed_l20160826-011117-V0645_Cen-I.fit	2457626.550076	0.242021	0.000203
205	Processed_l20160826-011145-V0645_Cen-I.fit	2457626.550400	0.240383	0.000202
206	Processed_l20160826-011212-V0645_Cen-I.fit	2457626.550713	0.241123	0.000202
207	Processed_l20160826-011240-V0645_Cen-I.fit	2457626.551037	0.239596	0.000201
208	Processed_l20160826-011307-V0645_Cen-I.fit	2457626.551349	0.241956	0.000202
209	Processed_l20160826-011335-V0645_Cen-I.fit	2457626.551673	0.240445	0.000201
210	Processed_l20160826-011402-V0645_Cen-I.fit	2457626.551986	0.242257	0.000202
211	Processed_l20160826-011430-V0645_Cen-I.fit	2457626.552310	0.242517	0.000203
212	Processed_l20160826-011457-V0645_Cen-I.fit	2457626.552634	0.241255	0.000202
213	Processed_l20160826-011525-V0645_Cen-I.fit	2457626.552946	0.241357	0.000202
214	Processed_l20160826-011552-V0645_Cen-I.fit	2457626.553259	0.241841	0.000202
215	Processed_l20160826-011620-V0645_Cen-I.fit	2457626.553583	0.240138	0.000201
216	Processed_l20160826-011647-V0645_Cen-I.fit	2457626.553907	0.241331	0.000202
217	Processed_l20160826-011715-V0645_Cen-I.fit	2457626.554219	0.241562	0.000202
218	Processed_l20160826-011742-V0645_Cen-I.fit	2457626.554543	0.242925	0.000203
219	Processed_l20160826-011810-V0645_Cen-I.fit	2457626.554856	0.242016	0.000203
220	Processed_l20160826-011837-V0645_Cen-I.fit	2457626.555180	0.239841	0.000202
221	Processed_l20160826-011905-V0645_Cen-I.fit	2457626.555492	0.241546	0.000202
222	Processed_l20160826-011933-V0645_Cen-I.fit	2457626.555816	0.240457	0.000202
223	Processed_l20160826-012000-V0645_Cen-I.fit	2457626.556129	0.240551	0.000202
224	Processed_l20160826-012028-V0645_Cen-I.fit	2457626.556453	0.241236	0.000203
225	Processed_l20160826-012055-V0645_Cen-I.fit	2457626.556765	0.239597	0.000202
226	Processed_l20160826-012123-V0645_Cen-I.fit	2457626.557089	0.241390	0.000203
227	Processed_l20160826-012150-V0645_Cen-I.fit	2457626.557402	0.240639	0.000203
228	Processed_l20160826-012218-V0645_Cen-I.fit	2457626.557726	0.240827	0.000203
229	Processed_l20160826-012246-V0645_Cen-I.fit	2457626.558050	0.241899	0.000203
230	Processed_l20160826-012313-V0645_Cen-I.fit	2457626.558363	0.243411	0.000205
231	Processed_l20160826-012341-V0645_Cen-I.fit	2457626.558687	0.242561	0.000203
232	Processed_l20160826-012408-V0645_Cen-I.fit	2457626.558999	0.241391	0.000202
233	Processed_l20160826-012436-V0645_Cen-I.fit	2457626.559323	0.241065	0.000202
234	Processed_l20160826-012503-V0645_Cen-I.fit	2457626.559647	0.240801	0.000202
235	Processed_l20160826-012531-V0645_Cen-I.fit	2457626.559960	0.240699	0.000202
236	Processed_l20160826-012558-V0645_Cen-I.fit	2457626.560272	0.240182	0.000202
237	Processed_l20160826-012626-V0645_Cen-I.fit	2457626.560596	0.242407	0.000203
238	Processed_l20160826-012654-V0645_Cen-I.fit	2457626.560920	0.240155	0.000202
239	Processed_l20160826-012721-V0645_Cen-I.fit	2457626.561233	0.241189	0.000203
240	Processed_l20160826-012749-V0645_Cen-I.fit	2457626.561557	0.241825	0.000203
241	Processed_l20160826-012816-V0645_Cen-I.fit	2457626.561869	0.240442	0.000202
242	Processed_l20160826-012844-V0645_Cen-I.fit	2457626.562193	0.241321	0.000203
243	Processed_l20160826-012912-V0645_Cen-I.fit	2457626.562517	0.240417	0.000202
244	Processed_l20160826-012939-V0645_Cen-I.fit	2457626.562830	0.238339	0.000201
245	Processed_l20160826-013007-V0645_Cen-I.fit	2457626.563154	0.241128	0.000203
246	Processed_l20160826-013034-V0645_Cen-I.fit	2457626.563466	0.240762	0.000203
247	Processed_l20160826-013102-V0645_Cen-I.fit	2457626.563790	0.240367	0.000203
248	Processed_l20160826-013129-V0645_Cen-I.fit	2457626.564114	0.239983	0.000202
249	Processed_l20160826-013157-V0645_Cen-I.fit	2457626.564427	0.241116	0.000203
250	Processed_l20160826-013225-V0645_Cen-I.fit	2457626.564751	0.239039	0.000202
251	Processed_l20160826-013252-V0645_Cen-I.fit	2457626.565063	0.242477	0.000204
252	Processed_l20160826-013320-V0645_Cen-I.fit	2457626.565387	0.240439	0.000203
253	Processed_l20160826-013347-V0645_Cen-I.fit	2457626.565712	0.241535	0.000203
254	Processed_l20160826-013415-V0645_Cen-I.fit	2457626.566024	0.240720	0.000203
255	Processed_l20160826-013443-V0645_Cen-I.fit	2457626.566348	0.242500	0.000204
256	Processed_l20160826-013510-V0645_Cen-I.fit	2457626.566661	0.239842	0.000203
257	Processed_l20160826-013538-V0645_Cen-I.fit	2457626.566985	0.241620	0.000203
258	Processed_l20160826-013605-V0645_Cen-I.fit	2457626.567297	0.241763	0.000204
259	Processed_l20160826-013633-V0645_Cen-I.fit	2457626.567621	0.240345	0.000203
260	Processed_l20160826-013700-V0645_Cen-I.fit	2457626.567934	0.239525	0.000203
261	Processed_l20160826-013728-V0645_Cen-I.fit	2457626.568258	0.241125	0.000204
262	Processed_l20160826-013755-V0645_Cen-I.fit	2457626.568582	0.242444	0.000204
263	Processed_l20160826-013823-V0645_Cen-I.fit	2457626.568894	0.241831	0.000204
264	Processed_l20160826-013850-V0645_Cen-I.fit	2457626.569218	0.239060	0.000202
265	Processed_l20160826-013918-V0645_Cen-I.fit	2457626.569531	0.241387	0.000204
266	Processed_l20160826-013946-V0645_Cen-I.fit	2457626.569855	0.242417	0.000204
267	Processed_l20160826-014013-V0645_Cen-I.fit	2457626.570167	0.240973	0.000203
268	Processed_l20160826-014041-V0645_Cen-I.fit	2457626.570491	0.242212	0.000204
269	Processed_l20160826-014108-V0645_Cen-I.fit	2457626.570804	0.241615	0.000204
270	Processed_l20160826-014136-V0645_Cen-I.fit	2457626.571128	0.239303	0.000203
271	Processed_l20160826-014203-V0645_Cen-I.fit	2457626.571440	0.240113	0.000203
272	Processed_l20160826-014231-V0645_Cen-I.fit	2457626.571764	0.242556	0.000204
273	Processed_l20160826-014258-V0645_Cen-I.fit	2457626.572077	0.242607	0.000204
274	Processed_l20160826-014326-V0645_Cen-I.fit	2457626.572401	0.242002	0.000204
275	Processed_l20160826-014353-V0645_Cen-I.fit	2457626.572725	0.241219	0.000204
276	Processed_l20160826-014421-V0645_Cen-I.fit	2457626.573037	0.243308	0.000205
277	Processed_l20160826-014448-V0645_Cen-I.fit	2457626.573361	0.240097	0.000203
278	Processed_l20160826-014516-V0645_Cen-I.fit	2457626.573674	0.242795	0.000205
279	Processed_l20160826-014544-V0645_Cen-I.fit	2457626.573998	0.242029	0.000204
280	Processed_l20160826-014611-V0645_Cen-I.fit	2457626.574310	0.241392	0.000203
281	Processed_l20160826-014639-V0645_Cen-I.fit	2457626.574635	0.240838	0.000204
282	Processed_l20160826-014706-V0645_Cen-I.fit	2457626.574947	0.241154	0.000203
283	Processed_l20160826-014734-V0645_Cen-I.fit	2457626.575271	0.241804	0.000204
284	Processed_l20160826-014802-V0645_Cen-I.fit	2457626.575595	0.240818	0.000203
285	Processed_l20160826-014829-V0645_Cen-I.fit	2457626.575908	0.240252	0.000203
286	Processed_l20160826-014857-V0645_Cen-I.fit	2457626.576232	0.241794	0.000204
287	Processed_l20160826-014924-V0645_Cen-I.fit	2457626.576544	0.241829	0.000203
288	Processed_l20160826-014952-V0645_Cen-I.fit	2457626.576868	0.242272	0.000204
289	Processed_l20160826-015047-V0645_Cen-I.fit	2457626.577505	0.242025	0.000204
290	Processed_l20160826-015114-V0645_Cen-I.fit	2457626.577829	0.240045	0.000203
291	Processed_l20160826-015142-V0645_Cen-I.fit	2457626.578141	0.241460	0.000203
292	Processed_l20160826-015210-V0645_Cen-I.fit	2457626.578465	0.242328	0.000204
293	Processed_l20160826-015237-V0645_Cen-I.fit	2457626.578789	0.241232	0.000204
294	Processed_l20160826-015305-V0645_Cen-I.fit	2457626.579102	0.241736	0.000204
295	Processed_l20160826-015332-V0645_Cen-I.fit	2457626.579426	0.242111	0.000204
296	Processed_l20160826-015405-V0645_Cen-I.fit	2457626.579796	0.239696	0.000203
297	Processed_l20160826-015433-V0645_Cen-I.fit	2457626.580120	0.242265	0.000204
298	Processed_l20160826-015501-V0645_Cen-I.fit	2457626.580444	0.243262	0.000205
299	Processed_l20160826-015528-V0645_Cen-I.fit	2457626.580757	0.240917	0.000204
300	Processed_l20160826-015556-V0645_Cen-I.fit	2457626.581081	0.241956	0.000204
301	Processed_l20160826-015624-V0645_Cen-I.fit	2457626.581405	0.239717	0.000203
302	Processed_l20160826-015652-V0645_Cen-I.fit	2457626.581729	0.243657	0.000205
303	Processed_l20160826-015719-V0645_Cen-I.fit	2457626.582041	0.246100	0.000206
304	Processed_l20160826-015747-V0645_Cen-I.fit	2457626.582365	0.244295	0.000206
305	Processed_l20160826-015814-V0645_Cen-I.fit	2457626.582678	0.241768	0.000204
306	Processed_l20160826-015842-V0645_Cen-I.fit	2457626.583002	0.241753	0.000205
307	Processed_l20160826-015909-V0645_Cen-I.fit	2457626.583314	0.244252	0.000206
308	Processed_l20160826-015937-V0645_Cen-I.fit	2457626.583639	0.243257	0.000205
309	Processed_l20160826-020004-V0645_Cen-I.fit	2457626.583951	0.244313	0.000206
310	Processed_l20160826-020032-V0645_Cen-I.fit	2457626.584275	0.241607	0.000204
311	Processed_l20160826-020059-V0645_Cen-I.fit	2457626.584588	0.242617	0.000205
312	Processed_l20160826-020127-V0645_Cen-I.fit	2457626.584912	0.242474	0.000205
313	Processed_l20160826-020154-V0645_Cen-I.fit	2457626.585236	0.243001	0.000206
314	Processed_l20160826-020222-V0645_Cen-I.fit	2457626.585548	0.243265	0.000206
315	Processed_l20160826-020249-V0645_Cen-I.fit	2457626.585872	0.240482	0.000205
316	Processed_l20160826-020317-V0645_Cen-I.fit	2457626.586185	0.242324	0.000205
317	Processed_l20160826-020344-V0645_Cen-I.fit	2457626.586509	0.241932	0.000205
318	Processed_l20160826-020412-V0645_Cen-I.fit	2457626.586821	0.244462	0.000207
319	Processed_l20160826-020439-V0645_Cen-I.fit	2457626.587134	0.241269	0.000205
320	Processed_l20160826-020507-V0645_Cen-I.fit	2457626.587458	0.244282	0.000206
321	Processed_l20160826-020534-V0645_Cen-I.fit	2457626.587782	0.241161	0.000204
322	Processed_l20160826-020602-V0645_Cen-I.fit	2457626.588094	0.242936	0.000205
323	Processed_l20160826-020630-V0645_Cen-I.fit	2457626.588418	0.243217	0.000206
324	Processed_l20160826-020657-V0645_Cen-I.fit	2457626.588731	0.241393	0.000204
325	Processed_l20160826-020725-V0645_Cen-I.fit	2457626.589055	0.242373	0.000205
326	Processed_l20160826-020752-V0645_Cen-I.fit	2457626.589379	0.239423	0.000204
327	Processed_l20160826-020820-V0645_Cen-I.fit	2457626.589691	0.243926	0.000206
328	Processed_l20160826-020848-V0645_Cen-I.fit	2457626.590015	0.241654	0.000205
329	Processed_l20160826-020915-V0645_Cen-I.fit	2457626.590339	0.243965	0.000206
330	Processed_l20160826-020943-V0645_Cen-I.fit	2457626.590652	0.240379	0.000204
331	Processed_l20160826-021011-V0645_Cen-I.fit	2457626.590976	0.242808	0.000206
332	Processed_l20160826-021038-V0645_Cen-I.fit	2457626.591288	0.242072	0.000205
333	Processed_l20160826-021106-V0645_Cen-I.fit	2457626.591613	0.243306	0.000205
334	Processed_l20160826-021133-V0645_Cen-I.fit	2457626.591937	0.243288	0.000206
335	Processed_l20160826-021201-V0645_Cen-I.fit	2457626.592249	0.243080	0.000205
336	Processed_l20160826-021229-V0645_Cen-I.fit	2457626.592573	0.244890	0.000207
337	Processed_l20160826-021256-V0645_Cen-I.fit	2457626.592886	0.241585	0.000205
338	Processed_l20160826-021324-V0645_Cen-I.fit	2457626.593210	0.243529	0.000206
339	Processed_l20160826-021351-V0645_Cen-I.fit	2457626.593522	0.242745	0.000205
340	Processed_l20160826-021419-V0645_Cen-I.fit	2457626.593846	0.240167	0.000204
341	Processed_l20160826-021447-V0645_Cen-I.fit	2457626.594170	0.242077	0.000205
342	Processed_l20160826-021514-V0645_Cen-I.fit	2457626.594483	0.241974	0.000205
343	Processed_l20160826-021542-V0645_Cen-I.fit	2457626.594807	0.241914	0.000205
344	Processed_l20160826-021609-V0645_Cen-I.fit	2457626.595119	0.240862	0.000205
345	Processed_l20160826-021637-V0645_Cen-I.fit	2457626.595443	0.240643	0.000204
346	Processed_l20160826-021704-V0645_Cen-I.fit	2457626.595756	0.240875	0.000205
347	Processed_l20160826-021732-V0645_Cen-I.fit	2457626.596080	0.243281	0.000206
348	Processed_l20160826-021759-V0645_Cen-I.fit	2457626.596404	0.241395	0.000205
349	Processed_l20160826-021827-V0645_Cen-I.fit	2457626.596716	0.241276	0.000205
350	Processed_l20160826-021854-V0645_Cen-I.fit	2457626.597040	0.241418	0.000205
351	Processed_l20160826-021922-V0645_Cen-I.fit	2457626.597353	0.243349	0.000206
352	Processed_l20160826-021950-V0645_Cen-I.fit	2457626.597677	0.241371	0.000205
353	Processed_l20160826-022017-V0645_Cen-I.fit	2457626.597989	0.240559	0.000205
354	Processed_l20160826-022045-V0645_Cen-I.fit	2457626.598313	0.244153	0.000207
355	Processed_l20160826-022112-V0645_Cen-I.fit	2457626.598626	0.243174	0.000206
356	Processed_l20160826-022140-V0645_Cen-I.fit	2457626.598950	0.241268	0.000205
357	Processed_l20160826-022207-V0645_Cen-I.fit	2457626.599262	0.241438	0.000205
358	Processed_l20160826-022235-V0645_Cen-I.fit	2457626.599586	0.241406	0.000205
359	Processed_l20160826-022302-V0645_Cen-I.fit	2457626.599899	0.242501	0.000206
360	Processed_l20160826-022330-V0645_Cen-I.fit	2457626.600223	0.243363	0.000206
361	Processed_l20160826-022425-V0645_Cen-I.fit	2457626.600860	0.241702	0.000206
362	Processed_l20160826-022452-V0645_Cen-I.fit	2457626.601172	0.242026	0.000206
363	Processed_l20160826-022520-V0645_Cen-I.fit	2457626.601496	0.241676	0.000206
364	Processed_l20160826-022548-V0645_Cen-I.fit	2457626.601820	0.241904	0.000206
365	Processed_l20160826-022615-V0645_Cen-I.fit	2457626.602133	0.242111	0.000206
366	Processed_l20160826-022710-V0645_Cen-I.fit	2457626.602769	0.239173	0.000204
367	Processed_l20160826-022738-V0645_Cen-I.fit	2457626.603093	0.240390	0.000205
368	Processed_l20160826-022806-V0645_Cen-I.fit	2457626.603417	0.240023	0.000204
369	Processed_l20160826-022834-V0645_Cen-I.fit	2457626.603741	0.244042	0.000207
370	Processed_l20160826-022901-V0645_Cen-I.fit	2457626.604054	0.241473	0.000206
371	Processed_l20160826-022929-V0645_Cen-I.fit	2457626.604378	0.241554	0.000206
372	Processed_l20160826-022956-V0645_Cen-I.fit	2457626.604690	0.244328	0.000207
373	Processed_l20160826-023024-V0645_Cen-I.fit	2457626.605014	0.239862	0.000205
374	Processed_l20160826-023051-V0645_Cen-I.fit	2457626.605327	0.243502	0.000207
375	Processed_l20160826-023119-V0645_Cen-I.fit	2457626.605651	0.242666	0.000207
376	Processed_l20160826-023242-V0645_Cen-I.fit	2457626.606611	0.241383	0.000208
377	Processed_l20160826-023310-V0645_Cen-I.fit	2457626.606936	0.243233	0.000208
378	Processed_l20160826-023337-V0645_Cen-I.fit	2457626.607248	0.242224	0.000208
379	Processed_l20160826-023405-V0645_Cen-I.fit	2457626.607572	0.242536	0.000208
380	Processed_l20160826-023433-V0645_Cen-I.fit	2457626.607896	0.244597	0.000209
381	Processed_l20160826-023501-V0645_Cen-I.fit	2457626.608220	0.244010	0.000208
382	Processed_l20160826-023528-V0645_Cen-I.fit	2457626.608533	0.242270	0.000208
383	Processed_l20160826-023556-V0645_Cen-I.fit	2457626.608857	0.245957	0.000210
384	Processed_l20160826-023623-V0645_Cen-I.fit	2457626.609169	0.241464	0.000207
385	Processed_l20160826-023651-V0645_Cen-I.fit	2457626.609493	0.244051	0.000209
386	Processed_l20160826-023718-V0645_Cen-I.fit	2457626.609806	0.243241	0.000209
387	Processed_l20160826-023746-V0645_Cen-I.fit	2457626.610130	0.245721	0.000210
388	Processed_l20160826-023841-V0645_Cen-I.fit	2457626.610766	0.241424	0.000207
389	Processed_l20160826-023909-V0645_Cen-I.fit	2457626.611090	0.241255	0.000207
390	Processed_l20160826-023936-V0645_Cen-I.fit	2457626.611403	0.243651	0.000209
391	Processed_l20160826-024004-V0645_Cen-I.fit	2457626.611727	0.241030	0.000207
392	Processed_l20160826-024059-V0645_Cen-I.fit	2457626.612363	0.242607	0.000208
393	Processed_l20160826-024126-V0645_Cen-I.fit	2457626.612676	0.242384	0.000208
394	Processed_l20160826-024154-V0645_Cen-I.fit	2457626.613000	0.243660	0.000209
395	Processed_l20160826-024221-V0645_Cen-I.fit	2457626.613312	0.242115	0.000208
396	Processed_l20160826-024249-V0645_Cen-I.fit	2457626.613636	0.242203	0.000208
397	Processed_l20160826-024316-V0645_Cen-I.fit	2457626.613960	0.240706	0.000207
398	Processed_l20160826-024344-V0645_Cen-I.fit	2457626.614273	0.245125	0.000209
399	Processed_l20160826-024412-V0645_Cen-I.fit	2457626.614597	0.241179	0.000207
400	Processed_l20160826-024440-V0645_Cen-I.fit	2457626.614921	0.242916	0.000208
401	Processed_l20160826-024507-V0645_Cen-I.fit	2457626.615234	0.241147	0.000207
402	Processed_l20160826-024535-V0645_Cen-I.fit	2457626.615558	0.243055	0.000208
403	Processed_l20160826-024602-V0645_Cen-I.fit	2457626.615882	0.240206	0.000206
404	Processed_l20160826-024630-V0645_Cen-I.fit	2457626.616194	0.246407	0.000210
405	Processed_l20160826-024658-V0645_Cen-I.fit	2457626.616518	0.240567	0.000207
406	Processed_l20160826-024725-V0645_Cen-I.fit	2457626.616831	0.241166	0.000208
407	Processed_l20160826-024753-V0645_Cen-I.fit	2457626.617155	0.241937	0.000208
408	Processed_l20160826-024821-V0645_Cen-I.fit	2457626.617479	0.242790	0.000208
409	Processed_l20160826-024848-V0645_Cen-I.fit	2457626.617791	0.241220	0.000207
410	Processed_l20160826-024916-V0645_Cen-I.fit	2457626.618115	0.241349	0.000207
411	Processed_l20160826-024943-V0645_Cen-I.fit	2457626.618428	0.242837	0.000208
412	Processed_l20160826-025011-V0645_Cen-I.fit	2457626.618752	0.241587	0.000207
413	Processed_l20160826-025038-V0645_Cen-I.fit	2457626.619064	0.243046	0.000208
414	Processed_l20160826-025106-V0645_Cen-I.fit	2457626.619388	0.241615	0.000207
415	Processed_l20160826-025134-V0645_Cen-I.fit	2457626.619712	0.245577	0.000209
416	Processed_l20160826-025229-V0645_Cen-I.fit	2457626.620349	0.242765	0.000207
417	Processed_l20160826-025257-V0645_Cen-I.fit	2457626.620673	0.243003	0.000208
418	Processed_l20160826-025324-V0645_Cen-I.fit	2457626.620985	0.244151	0.000208
419	Processed_l20160826-025352-V0645_Cen-I.fit	2457626.621310	0.243173	0.000207
420	Processed_l20160826-025419-V0645_Cen-I.fit	2457626.621622	0.241578	0.000207
421	Processed_l20160826-025447-V0645_Cen-I.fit	2457626.621946	0.240196	0.000206
422	Processed_l20160826-025514-V0645_Cen-I.fit	2457626.622259	0.241616	0.000207
423	Processed_l20160826-025542-V0645_Cen-I.fit	2457626.622583	0.240005	0.000206
424	Processed_l20160826-025610-V0645_Cen-I.fit	2457626.622907	0.240386	0.000206
425	Processed_l20160826-025637-V0645_Cen-I.fit	2457626.623219	0.244857	0.000208
426	Processed_l20160826-025705-V0645_Cen-I.fit	2457626.623543	0.244288	0.000208
427	Processed_l20160826-025733-V0645_Cen-I.fit	2457626.623867	0.246023	0.000209
428	Processed_l20160826-025800-V0645_Cen-I.fit	2457626.624180	0.241267	0.000206
429	Processed_l20160826-025828-V0645_Cen-I.fit	2457626.624504	0.243766	0.000208
430	Processed_l20160826-025855-V0645_Cen-I.fit	2457626.624816	0.240095	0.000206
431	Processed_l20160826-025923-V0645_Cen-I.fit	2457626.625140	0.243516	0.000208
432	Processed_l20160826-025951-V0645_Cen-I.fit	2457626.625464	0.243430	0.000207
433	Processed_l20160826-030018-V0645_Cen-I.fit	2457626.625777	0.243059	0.000207
434	Processed_l20160826-030046-V0645_Cen-I.fit	2457626.626101	0.241605	0.000207
435	Processed_l20160826-030113-V0645_Cen-I.fit	2457626.626413	0.243395	0.000207
436	Processed_l20160826-030141-V0645_Cen-I.fit	2457626.626737	0.240409	0.000206
437	Processed_l20160826-030208-V0645_Cen-I.fit	2457626.627061	0.246193	0.000209
438	Processed_l20160826-030236-V0645_Cen-I.fit	2457626.627374	0.241056	0.000206
