#	Label	BJD_TDB	rel_flux_T1	rel_flux_err_T1
1	Processed_l20160825-233458-V0645_Cen-I.fit	2457626.483194	0.242704	0.000224
2	Processed_l20160825-233530-V0645_Cen-I.fit	2457626.483564	0.243660	0.000228
3	Processed_l20160825-233659-V0645_Cen-I.fit	2457626.484595	0.239899	0.000223
4	Processed_l20160825-233727-V0645_Cen-I.fit	2457626.484919	0.243602	0.000225
5	Processed_l20160825-233754-V0645_Cen-I.fit	2457626.485231	0.238886	0.000221
6	Processed_l20160825-233822-V0645_Cen-I.fit	2457626.485555	0.236169	0.000222
7	Processed_l20160825-233849-V0645_Cen-I.fit	2457626.485879	0.237707	0.000222
8	Processed_l20160825-233917-V0645_Cen-I.fit	2457626.486192	0.236631	0.000220
9	Processed_l20160825-233945-V0645_Cen-I.fit	2457626.486516	0.243288	0.000225
10	Processed_l20160825-234012-V0645_Cen-I.fit	2457626.486828	0.241514	0.000225
11	Processed_l20160825-234040-V0645_Cen-I.fit	2457626.487152	0.242034	0.000224
12	Processed_l20160825-234107-V0645_Cen-I.fit	2457626.487465	0.242541	0.000226
13	Processed_l20160825-234135-V0645_Cen-I.fit	2457626.487789	0.239979	0.000222
14	Processed_l20160825-234202-V0645_Cen-I.fit	2457626.488101	0.245267	0.000226
15	Processed_l20160825-234230-V0645_Cen-I.fit	2457626.488425	0.238448	0.000221
16	Processed_l20160825-234257-V0645_Cen-I.fit	2457626.488738	0.240950	0.000223
17	Processed_l20160825-234325-V0645_Cen-I.fit	2457626.489062	0.239840	0.000221
18	Processed_l20160825-234353-V0645_Cen-I.fit	2457626.489386	0.243776	0.000225
19	Processed_l20160825-234420-V0645_Cen-I.fit	2457626.489698	0.241311	0.000221
20	Processed_l20160825-234448-V0645_Cen-I.fit	2457626.490022	0.243130	0.000222
21	Processed_l20160825-234515-V0645_Cen-I.fit	2457626.490335	0.242535	0.000223
22	Processed_l20160825-234543-V0645_Cen-I.fit	2457626.490659	0.240573	0.000221
23	Processed_l20160825-234610-V0645_Cen-I.fit	2457626.490971	0.239795	0.000218
24	Processed_l20160825-234638-V0645_Cen-I.fit	2457626.491295	0.243058	0.000222
25	Processed_l20160825-234705-V0645_Cen-I.fit	2457626.491619	0.239892	0.000222
26	Processed_l20160825-234733-V0645_Cen-I.fit	2457626.491932	0.241388	0.000222
27	Processed_l20160825-234800-V0645_Cen-I.fit	2457626.492256	0.240758	0.000221
28	Processed_l20160825-234828-V0645_Cen-I.fit	2457626.492568	0.243771	0.000223
29	Processed_l20160825-234855-V0645_Cen-I.fit	2457626.492893	0.242717	0.000221
30	Processed_l20160825-234923-V0645_Cen-I.fit	2457626.493205	0.241357	0.000220
31	Processed_l20160825-234951-V0645_Cen-I.fit	2457626.493529	0.241432	0.000221
32	Processed_l20160825-235018-V0645_Cen-I.fit	2457626.493842	0.238321	0.000217
33	Processed_l20160825-235046-V0645_Cen-I.fit	2457626.494166	0.238244	0.000219
34	Processed_l20160825-235113-V0645_Cen-I.fit	2457626.494478	0.237222	0.000218
35	Processed_l20160825-235141-V0645_Cen-I.fit	2457626.494802	0.235445	0.000218
36	Processed_l20160825-235209-V0645_Cen-I.fit	2457626.495126	0.233186	0.000217
37	Processed_l20160825-235236-V0645_Cen-I.fit	2457626.495439	0.240148	0.000221
38	Processed_l20160825-235304-V0645_Cen-I.fit	2457626.495763	0.236657	0.000217
39	Processed_l20160825-235331-V0645_Cen-I.fit	2457626.496075	0.238401	0.000219
40	Processed_l20160825-235359-V0645_Cen-I.fit	2457626.496399	0.237169	0.000219
41	Processed_l20160825-235426-V0645_Cen-I.fit	2457626.496712	0.238694	0.000219
42	Processed_l20160825-235454-V0645_Cen-I.fit	2457626.497036	0.240445	0.000219
43	Processed_l20160825-235521-V0645_Cen-I.fit	2457626.497360	0.239392	0.000221
44	Processed_l20160825-235549-V0645_Cen-I.fit	2457626.497672	0.244176	0.000222
45	Processed_l20160825-235616-V0645_Cen-I.fit	2457626.497985	0.241016	0.000221
46	Processed_l20160825-235644-V0645_Cen-I.fit	2457626.498309	0.242193	0.000224
47	Processed_l20160825-235712-V0645_Cen-I.fit	2457626.498633	0.243281	0.000225
48	Processed_l20160825-235739-V0645_Cen-I.fit	2457626.498945	0.241547	0.000225
49	Processed_l20160825-235807-V0645_Cen-I.fit	2457626.499269	0.240946	0.000224
50	Processed_l20160825-235834-V0645_Cen-I.fit	2457626.499582	0.238873	0.000222
51	Processed_l20160825-235902-V0645_Cen-I.fit	2457626.499906	0.242118	0.000224
52	Processed_l20160825-235929-V0645_Cen-I.fit	2457626.500230	0.245026	0.000222
53	Processed_l20160825-235957-V0645_Cen-I.fit	2457626.500542	0.243217	0.000221
54	Processed_l20160826-000025-V0645_Cen-I.fit	2457626.500867	0.244111	0.000224
55	Processed_l20160826-000052-V0645_Cen-I.fit	2457626.501179	0.242437	0.000223
56	Processed_l20160826-000120-V0645_Cen-I.fit	2457626.501503	0.238392	0.000222
57	Processed_l20160826-000147-V0645_Cen-I.fit	2457626.501816	0.243718	0.000226
58	Processed_l20160826-000215-V0645_Cen-I.fit	2457626.502140	0.243794	0.000225
59	Processed_l20160826-000243-V0645_Cen-I.fit	2457626.502464	0.238650	0.000221
60	Processed_l20160826-000310-V0645_Cen-I.fit	2457626.502776	0.243917	0.000222
61	Processed_l20160826-000338-V0645_Cen-I.fit	2457626.503100	0.243241	0.000224
62	Processed_l20160826-000405-V0645_Cen-I.fit	2457626.503424	0.244831	0.000223
63	Processed_l20160826-000433-V0645_Cen-I.fit	2457626.503737	0.241255	0.000221
64	Processed_l20160826-000501-V0645_Cen-I.fit	2457626.504061	0.242606	0.000223
65	Processed_l20160826-000528-V0645_Cen-I.fit	2457626.504373	0.246860	0.000224
66	Processed_l20160826-000556-V0645_Cen-I.fit	2457626.504697	0.240822	0.000222
67	Processed_l20160826-000623-V0645_Cen-I.fit	2457626.505010	0.244563	0.000223
68	Processed_l20160826-000651-V0645_Cen-I.fit	2457626.505334	0.241372	0.000221
69	Processed_l20160826-000718-V0645_Cen-I.fit	2457626.505646	0.240531	0.000222
70	Processed_l20160826-000746-V0645_Cen-I.fit	2457626.505970	0.241600	0.000223
71	Processed_l20160826-000814-V0645_Cen-I.fit	2457626.506294	0.240541	0.000222
72	Processed_l20160826-000841-V0645_Cen-I.fit	2457626.506607	0.243589	0.000223
73	Processed_l20160826-000909-V0645_Cen-I.fit	2457626.506931	0.240772	0.000220
74	Processed_l20160826-000936-V0645_Cen-I.fit	2457626.507243	0.238332	0.000220
75	Processed_l20160826-001004-V0645_Cen-I.fit	2457626.507567	0.238071	0.000220
76	Processed_l20160826-001032-V0645_Cen-I.fit	2457626.507891	0.236001	0.000220
77	Processed_l20160826-001059-V0645_Cen-I.fit	2457626.508204	0.241491	0.000224
78	Processed_l20160826-001127-V0645_Cen-I.fit	2457626.508528	0.245900	0.000228
79	Processed_l20160826-001154-V0645_Cen-I.fit	2457626.508840	0.247658	0.000228
80	Processed_l20160826-001222-V0645_Cen-I.fit	2457626.509165	0.243297	0.000224
81	Processed_l20160826-001250-V0645_Cen-I.fit	2457626.509489	0.248540	0.000227
82	Processed_l20160826-001317-V0645_Cen-I.fit	2457626.509801	0.243999	0.000226
83	Processed_l20160826-001345-V0645_Cen-I.fit	2457626.510125	0.242079	0.000224
84	Processed_l20160826-001412-V0645_Cen-I.fit	2457626.510438	0.240280	0.000224
85	Processed_l20160826-001440-V0645_Cen-I.fit	2457626.510762	0.246229	0.000226
86	Processed_l20160826-001508-V0645_Cen-I.fit	2457626.511086	0.239682	0.000223
87	Processed_l20160826-001535-V0645_Cen-I.fit	2457626.511398	0.244392	0.000224
88	Processed_l20160826-001603-V0645_Cen-I.fit	2457626.511722	0.242961	0.000223
89	Processed_l20160826-001630-V0645_Cen-I.fit	2457626.512035	0.234448	0.000218
90	Processed_l20160826-001658-V0645_Cen-I.fit	2457626.512359	0.234653	0.000217
91	Processed_l20160826-001725-V0645_Cen-I.fit	2457626.512671	0.233613	0.000216
92	Processed_l20160826-001753-V0645_Cen-I.fit	2457626.512995	0.231296	0.000217
93	Processed_l20160826-001820-V0645_Cen-I.fit	2457626.513308	0.229904	0.000217
94	Processed_l20160826-001848-V0645_Cen-I.fit	2457626.513632	0.236096	0.000218
95	Processed_l20160826-001915-V0645_Cen-I.fit	2457626.513944	0.238785	0.000221
96	Processed_l20160826-001943-V0645_Cen-I.fit	2457626.514268	0.239950	0.000222
97	Processed_l20160826-002010-V0645_Cen-I.fit	2457626.514581	0.240374	0.000221
98	Processed_l20160826-002038-V0645_Cen-I.fit	2457626.514905	0.242595	0.000223
99	Processed_l20160826-002105-V0645_Cen-I.fit	2457626.515217	0.242420	0.000224
100	Processed_l20160826-002133-V0645_Cen-I.fit	2457626.515541	0.243789	0.000222
101	Processed_l20160826-002200-V0645_Cen-I.fit	2457626.515865	0.243211	0.000221
102	Processed_l20160826-002228-V0645_Cen-I.fit	2457626.516178	0.235711	0.000218
103	Processed_l20160826-002256-V0645_Cen-I.fit	2457626.516502	0.234543	0.000217
104	Processed_l20160826-002324-V0645_Cen-I.fit	2457626.516838	0.243815	0.000221
105	Processed_l20160826-002352-V0645_Cen-I.fit	2457626.517150	0.239305	0.000221
106	Processed_l20160826-002419-V0645_Cen-I.fit	2457626.517474	0.239854	0.000221
107	Processed_l20160826-002447-V0645_Cen-I.fit	2457626.517787	0.241430	0.000223
108	Processed_l20160826-002514-V0645_Cen-I.fit	2457626.518111	0.240819	0.000221
109	Processed_l20160826-002542-V0645_Cen-I.fit	2457626.518423	0.238350	0.000220
110	Processed_l20160826-002610-V0645_Cen-I.fit	2457626.518747	0.235756	0.000218
111	Processed_l20160826-002637-V0645_Cen-I.fit	2457626.519060	0.236109	0.000220
112	Processed_l20160826-002705-V0645_Cen-I.fit	2457626.519384	0.231206	0.000217
113	Processed_l20160826-002732-V0645_Cen-I.fit	2457626.519696	0.235226	0.000221
114	Processed_l20160826-002800-V0645_Cen-I.fit	2457626.520020	0.243226	0.000226
115	Processed_l20160826-002828-V0645_Cen-I.fit	2457626.520344	0.245422	0.000225
116	Processed_l20160826-002855-V0645_Cen-I.fit	2457626.520657	0.249870	0.000228
117	Processed_l20160826-002923-V0645_Cen-I.fit	2457626.520981	0.246056	0.000225
118	Processed_l20160826-002950-V0645_Cen-I.fit	2457626.521293	0.243570	0.000221
119	Processed_l20160826-003018-V0645_Cen-I.fit	2457626.521617	0.239422	0.000222
120	Processed_l20160826-003045-V0645_Cen-I.fit	2457626.521930	0.230937	0.000214
121	Processed_l20160826-003113-V0645_Cen-I.fit	2457626.522254	0.238677	0.000218
122	Processed_l20160826-003140-V0645_Cen-I.fit	2457626.522566	0.238844	0.000222
123	Processed_l20160826-003208-V0645_Cen-I.fit	2457626.522890	0.236153	0.000220
124	Processed_l20160826-003235-V0645_Cen-I.fit	2457626.523203	0.235163	0.000219
125	Processed_l20160826-003303-V0645_Cen-I.fit	2457626.523527	0.235317	0.000216
126	Processed_l20160826-003331-V0645_Cen-I.fit	2457626.523851	0.243045	0.000223
127	Processed_l20160826-003358-V0645_Cen-I.fit	2457626.524164	0.238192	0.000221
128	Processed_l20160826-003426-V0645_Cen-I.fit	2457626.524488	0.239933	0.000221
129	Processed_l20160826-003453-V0645_Cen-I.fit	2457626.524812	0.239816	0.000221
130	Processed_l20160826-003521-V0645_Cen-I.fit	2457626.525124	0.241175	0.000221
131	Processed_l20160826-003549-V0645_Cen-I.fit	2457626.525448	0.243275	0.000223
132	Processed_l20160826-003616-V0645_Cen-I.fit	2457626.525761	0.234927	0.000219
133	Processed_l20160826-003644-V0645_Cen-I.fit	2457626.526085	0.243968	0.000225
134	Processed_l20160826-003712-V0645_Cen-I.fit	2457626.526409	0.248114	0.000227
135	Processed_l20160826-003739-V0645_Cen-I.fit	2457626.526721	0.245073	0.000227
136	Processed_l20160826-003807-V0645_Cen-I.fit	2457626.527045	0.246224	0.000227
137	Processed_l20160826-003834-V0645_Cen-I.fit	2457626.527358	0.243556	0.000225
138	Processed_l20160826-003902-V0645_Cen-I.fit	2457626.527682	0.244106	0.000225
139	Processed_l20160826-003929-V0645_Cen-I.fit	2457626.527994	0.241248	0.000222
140	Processed_l20160826-003957-V0645_Cen-I.fit	2457626.528318	0.242799	0.000225
141	Processed_l20160826-004024-V0645_Cen-I.fit	2457626.528631	0.237535	0.000222
142	Processed_l20160826-004052-V0645_Cen-I.fit	2457626.528955	0.241357	0.000224
143	Processed_l20160826-004119-V0645_Cen-I.fit	2457626.529267	0.234877	0.000219
144	Processed_l20160826-004147-V0645_Cen-I.fit	2457626.529591	0.235851	0.000219
145	Processed_l20160826-004214-V0645_Cen-I.fit	2457626.529904	0.238356	0.000220
146	Processed_l20160826-004242-V0645_Cen-I.fit	2457626.530228	0.239957	0.000221
147	Processed_l20160826-004309-V0645_Cen-I.fit	2457626.530540	0.247403	0.000226
148	Processed_l20160826-004337-V0645_Cen-I.fit	2457626.530864	0.241967	0.000221
149	Processed_l20160826-004404-V0645_Cen-I.fit	2457626.531177	0.243503	0.000223
150	Processed_l20160826-004432-V0645_Cen-I.fit	2457626.531501	0.242072	0.000222
151	Processed_l20160826-004505-V0645_Cen-I.fit	2457626.531883	0.244400	0.000223
152	Processed_l20160826-004532-V0645_Cen-I.fit	2457626.532195	0.237584	0.000220
153	Processed_l20160826-004600-V0645_Cen-I.fit	2457626.532531	0.234283	0.000216
154	Processed_l20160826-004628-V0645_Cen-I.fit	2457626.532843	0.241436	0.000220
155	Processed_l20160826-004656-V0645_Cen-I.fit	2457626.533168	0.238006	0.000217
156	Processed_l20160826-004723-V0645_Cen-I.fit	2457626.533480	0.243458	0.000220
157	Processed_l20160826-004751-V0645_Cen-I.fit	2457626.533804	0.246240	0.000221
158	Processed_l20160826-004818-V0645_Cen-I.fit	2457626.534117	0.244891	0.000219
159	Processed_l20160826-004846-V0645_Cen-I.fit	2457626.534441	0.242365	0.000218
160	Processed_l20160826-004913-V0645_Cen-I.fit	2457626.534753	0.241065	0.000218
161	Processed_l20160826-004941-V0645_Cen-I.fit	2457626.535077	0.232650	0.000216
162	Processed_l20160826-005008-V0645_Cen-I.fit	2457626.535390	0.241210	0.000220
163	Processed_l20160826-005036-V0645_Cen-I.fit	2457626.535714	0.244203	0.000222
164	Processed_l20160826-005103-V0645_Cen-I.fit	2457626.536026	0.238649	0.000218
165	Processed_l20160826-005131-V0645_Cen-I.fit	2457626.536350	0.243399	0.000222
166	Processed_l20160826-005158-V0645_Cen-I.fit	2457626.536663	0.240755	0.000217
167	Processed_l20160826-005226-V0645_Cen-I.fit	2457626.536987	0.244813	0.000218
168	Processed_l20160826-005254-V0645_Cen-I.fit	2457626.537311	0.237553	0.000217
169	Processed_l20160826-005321-V0645_Cen-I.fit	2457626.537623	0.241185	0.000222
170	Processed_l20160826-005349-V0645_Cen-I.fit	2457626.537947	0.241855	0.000224
171	Processed_l20160826-005416-V0645_Cen-I.fit	2457626.538260	0.239594	0.000219
172	Processed_l20160826-005444-V0645_Cen-I.fit	2457626.538584	0.237928	0.000219
173	Processed_l20160826-005511-V0645_Cen-I.fit	2457626.538896	0.240565	0.000219
174	Processed_l20160826-005539-V0645_Cen-I.fit	2457626.539220	0.240301	0.000220
175	Processed_l20160826-005606-V0645_Cen-I.fit	2457626.539533	0.241772	0.000221
176	Processed_l20160826-005634-V0645_Cen-I.fit	2457626.539857	0.238646	0.000220
177	Processed_l20160826-005701-V0645_Cen-I.fit	2457626.540169	0.240282	0.000220
178	Processed_l20160826-005729-V0645_Cen-I.fit	2457626.540493	0.237935	0.000220
179	Processed_l20160826-005757-V0645_Cen-I.fit	2457626.540817	0.243854	0.000222
180	Processed_l20160826-005824-V0645_Cen-I.fit	2457626.541130	0.239493	0.000221
181	Processed_l20160826-005852-V0645_Cen-I.fit	2457626.541454	0.239880	0.000221
182	Processed_l20160826-005919-V0645_Cen-I.fit	2457626.541766	0.238039	0.000219
183	Processed_l20160826-005947-V0645_Cen-I.fit	2457626.542091	0.244755	0.000222
184	Processed_l20160826-010015-V0645_Cen-I.fit	2457626.542415	0.239531	0.000219
185	Processed_l20160826-010042-V0645_Cen-I.fit	2457626.542727	0.244014	0.000221
186	Processed_l20160826-010110-V0645_Cen-I.fit	2457626.543051	0.240169	0.000220
187	Processed_l20160826-010137-V0645_Cen-I.fit	2457626.543375	0.239948	0.000220
188	Processed_l20160826-010205-V0645_Cen-I.fit	2457626.543688	0.242711	0.000220
189	Processed_l20160826-010233-V0645_Cen-I.fit	2457626.544012	0.242090	0.000221
190	Processed_l20160826-010300-V0645_Cen-I.fit	2457626.544324	0.239611	0.000217
191	Processed_l20160826-010328-V0645_Cen-I.fit	2457626.544648	0.242654	0.000219
192	Processed_l20160826-010356-V0645_Cen-I.fit	2457626.544972	0.239841	0.000220
193	Processed_l20160826-010423-V0645_Cen-I.fit	2457626.545285	0.241909	0.000218
194	Processed_l20160826-010451-V0645_Cen-I.fit	2457626.545609	0.243527	0.000219
195	Processed_l20160826-010519-V0645_Cen-I.fit	2457626.545933	0.238323	0.000217
196	Processed_l20160826-010546-V0645_Cen-I.fit	2457626.546245	0.240517	0.000215
197	Processed_l20160826-010614-V0645_Cen-I.fit	2457626.546569	0.240928	0.000219
198	Processed_l20160826-010641-V0645_Cen-I.fit	2457626.546893	0.240356	0.000217
199	Processed_l20160826-010709-V0645_Cen-I.fit	2457626.547206	0.240207	0.000218
200	Processed_l20160826-010859-V0645_Cen-I.fit	2457626.548479	0.241023	0.000219
201	Processed_l20160826-010954-V0645_Cen-I.fit	2457626.549127	0.242629	0.000222
202	Processed_l20160826-011022-V0645_Cen-I.fit	2457626.549440	0.242414	0.000223
203	Processed_l20160826-011050-V0645_Cen-I.fit	2457626.549764	0.238281	0.000218
204	Processed_l20160826-011117-V0645_Cen-I.fit	2457626.550076	0.242265	0.000223
205	Processed_l20160826-011145-V0645_Cen-I.fit	2457626.550400	0.241523	0.000222
206	Processed_l20160826-011212-V0645_Cen-I.fit	2457626.550713	0.234483	0.000215
207	Processed_l20160826-011240-V0645_Cen-I.fit	2457626.551037	0.238007	0.000219
208	Processed_l20160826-011307-V0645_Cen-I.fit	2457626.551349	0.237682	0.000216
209	Processed_l20160826-011335-V0645_Cen-I.fit	2457626.551673	0.239672	0.000218
210	Processed_l20160826-011402-V0645_Cen-I.fit	2457626.551986	0.239549	0.000219
211	Processed_l20160826-011430-V0645_Cen-I.fit	2457626.552310	0.235836	0.000219
212	Processed_l20160826-011457-V0645_Cen-I.fit	2457626.552634	0.241583	0.000220
213	Processed_l20160826-011525-V0645_Cen-I.fit	2457626.552946	0.241966	0.000220
214	Processed_l20160826-011552-V0645_Cen-I.fit	2457626.553259	0.241212	0.000217
215	Processed_l20160826-011620-V0645_Cen-I.fit	2457626.553583	0.242540	0.000222
216	Processed_l20160826-011647-V0645_Cen-I.fit	2457626.553907	0.241635	0.000219
217	Processed_l20160826-011715-V0645_Cen-I.fit	2457626.554219	0.243535	0.000221
218	Processed_l20160826-011742-V0645_Cen-I.fit	2457626.554543	0.242068	0.000219
219	Processed_l20160826-011810-V0645_Cen-I.fit	2457626.554856	0.243301	0.000221
220	Processed_l20160826-011837-V0645_Cen-I.fit	2457626.555180	0.235974	0.000219
221	Processed_l20160826-011905-V0645_Cen-I.fit	2457626.555492	0.237525	0.000219
222	Processed_l20160826-011933-V0645_Cen-I.fit	2457626.555816	0.236363	0.000218
223	Processed_l20160826-012000-V0645_Cen-I.fit	2457626.556129	0.240134	0.000221
224	Processed_l20160826-012028-V0645_Cen-I.fit	2457626.556453	0.242081	0.000221
225	Processed_l20160826-012055-V0645_Cen-I.fit	2457626.556765	0.241192	0.000222
226	Processed_l20160826-012123-V0645_Cen-I.fit	2457626.557089	0.241100	0.000220
227	Processed_l20160826-012150-V0645_Cen-I.fit	2457626.557402	0.241828	0.000221
228	Processed_l20160826-012218-V0645_Cen-I.fit	2457626.557726	0.242444	0.000223
229	Processed_l20160826-012246-V0645_Cen-I.fit	2457626.558050	0.239601	0.000222
230	Processed_l20160826-012313-V0645_Cen-I.fit	2457626.558363	0.238367	0.000219
231	Processed_l20160826-012341-V0645_Cen-I.fit	2457626.558687	0.239299	0.000216
232	Processed_l20160826-012408-V0645_Cen-I.fit	2457626.558999	0.240472	0.000217
233	Processed_l20160826-012436-V0645_Cen-I.fit	2457626.559323	0.241174	0.000219
234	Processed_l20160826-012503-V0645_Cen-I.fit	2457626.559647	0.241255	0.000221
235	Processed_l20160826-012531-V0645_Cen-I.fit	2457626.559960	0.240246	0.000221
236	Processed_l20160826-012558-V0645_Cen-I.fit	2457626.560272	0.239904	0.000220
237	Processed_l20160826-012626-V0645_Cen-I.fit	2457626.560596	0.235400	0.000219
238	Processed_l20160826-012654-V0645_Cen-I.fit	2457626.560920	0.236035	0.000218
239	Processed_l20160826-012721-V0645_Cen-I.fit	2457626.561233	0.237254	0.000219
240	Processed_l20160826-012749-V0645_Cen-I.fit	2457626.561557	0.241461	0.000223
241	Processed_l20160826-012816-V0645_Cen-I.fit	2457626.561869	0.237745	0.000218
242	Processed_l20160826-012844-V0645_Cen-I.fit	2457626.562193	0.241957	0.000223
243	Processed_l20160826-012912-V0645_Cen-I.fit	2457626.562517	0.237163	0.000218
244	Processed_l20160826-012939-V0645_Cen-I.fit	2457626.562830	0.235969	0.000218
245	Processed_l20160826-013007-V0645_Cen-I.fit	2457626.563154	0.240020	0.000220
246	Processed_l20160826-013034-V0645_Cen-I.fit	2457626.563466	0.239960	0.000221
247	Processed_l20160826-013102-V0645_Cen-I.fit	2457626.563790	0.240236	0.000220
248	Processed_l20160826-013129-V0645_Cen-I.fit	2457626.564114	0.240430	0.000218
249	Processed_l20160826-013157-V0645_Cen-I.fit	2457626.564427	0.240134	0.000219
250	Processed_l20160826-013225-V0645_Cen-I.fit	2457626.564751	0.239376	0.000220
251	Processed_l20160826-013252-V0645_Cen-I.fit	2457626.565063	0.239850	0.000220
252	Processed_l20160826-013320-V0645_Cen-I.fit	2457626.565387	0.234769	0.000217
253	Processed_l20160826-013347-V0645_Cen-I.fit	2457626.565712	0.235503	0.000217
254	Processed_l20160826-013415-V0645_Cen-I.fit	2457626.566024	0.236416	0.000217
255	Processed_l20160826-013443-V0645_Cen-I.fit	2457626.566348	0.240315	0.000218
256	Processed_l20160826-013510-V0645_Cen-I.fit	2457626.566661	0.236774	0.000218
257	Processed_l20160826-013538-V0645_Cen-I.fit	2457626.566985	0.238104	0.000220
258	Processed_l20160826-013605-V0645_Cen-I.fit	2457626.567297	0.241384	0.000220
259	Processed_l20160826-013633-V0645_Cen-I.fit	2457626.567621	0.237815	0.000219
260	Processed_l20160826-013700-V0645_Cen-I.fit	2457626.567934	0.234635	0.000217
261	Processed_l20160826-013728-V0645_Cen-I.fit	2457626.568258	0.240336	0.000220
262	Processed_l20160826-013755-V0645_Cen-I.fit	2457626.568582	0.240979	0.000220
263	Processed_l20160826-013823-V0645_Cen-I.fit	2457626.568894	0.243483	0.000222
264	Processed_l20160826-013850-V0645_Cen-I.fit	2457626.569218	0.240623	0.000219
265	Processed_l20160826-013918-V0645_Cen-I.fit	2457626.569531	0.241189	0.000221
266	Processed_l20160826-013946-V0645_Cen-I.fit	2457626.569855	0.242141	0.000220
267	Processed_l20160826-014013-V0645_Cen-I.fit	2457626.570167	0.241504	0.000221
268	Processed_l20160826-014041-V0645_Cen-I.fit	2457626.570491	0.242017	0.000221
269	Processed_l20160826-014108-V0645_Cen-I.fit	2457626.570804	0.240200	0.000219
270	Processed_l20160826-014136-V0645_Cen-I.fit	2457626.571128	0.236279	0.000219
271	Processed_l20160826-014203-V0645_Cen-I.fit	2457626.571440	0.235802	0.000219
272	Processed_l20160826-014231-V0645_Cen-I.fit	2457626.571764	0.238253	0.000220
273	Processed_l20160826-014258-V0645_Cen-I.fit	2457626.572077	0.241035	0.000222
274	Processed_l20160826-014326-V0645_Cen-I.fit	2457626.572401	0.243904	0.000225
275	Processed_l20160826-014353-V0645_Cen-I.fit	2457626.572725	0.236790	0.000221
276	Processed_l20160826-014421-V0645_Cen-I.fit	2457626.573037	0.237355	0.000219
277	Processed_l20160826-014448-V0645_Cen-I.fit	2457626.573361	0.239120	0.000220
278	Processed_l20160826-014516-V0645_Cen-I.fit	2457626.573674	0.239617	0.000222
279	Processed_l20160826-014544-V0645_Cen-I.fit	2457626.573998	0.237791	0.000220
280	Processed_l20160826-014611-V0645_Cen-I.fit	2457626.574310	0.238821	0.000221
281	Processed_l20160826-014639-V0645_Cen-I.fit	2457626.574635	0.237169	0.000219
282	Processed_l20160826-014706-V0645_Cen-I.fit	2457626.574947	0.233973	0.000218
283	Processed_l20160826-014734-V0645_Cen-I.fit	2457626.575271	0.240611	0.000222
284	Processed_l20160826-014802-V0645_Cen-I.fit	2457626.575595	0.238709	0.000219
285	Processed_l20160826-014829-V0645_Cen-I.fit	2457626.575908	0.241109	0.000221
286	Processed_l20160826-014857-V0645_Cen-I.fit	2457626.576232	0.231663	0.000216
287	Processed_l20160826-014924-V0645_Cen-I.fit	2457626.576544	0.237821	0.000218
288	Processed_l20160826-014952-V0645_Cen-I.fit	2457626.576868	0.241276	0.000219
289	Processed_l20160826-015047-V0645_Cen-I.fit	2457626.577505	0.238263	0.000218
290	Processed_l20160826-015114-V0645_Cen-I.fit	2457626.577829	0.236426	0.000216
291	Processed_l20160826-015142-V0645_Cen-I.fit	2457626.578141	0.240837	0.000219
292	Processed_l20160826-015210-V0645_Cen-I.fit	2457626.578465	0.243601	0.000221
293	Processed_l20160826-015237-V0645_Cen-I.fit	2457626.578789	0.239895	0.000219
294	Processed_l20160826-015305-V0645_Cen-I.fit	2457626.579102	0.241843	0.000221
295	Processed_l20160826-015332-V0645_Cen-I.fit	2457626.579426	0.240656	0.000218
296	Processed_l20160826-015405-V0645_Cen-I.fit	2457626.579796	0.238449	0.000216
297	Processed_l20160826-015433-V0645_Cen-I.fit	2457626.580120	0.244251	0.000221
298	Processed_l20160826-015501-V0645_Cen-I.fit	2457626.580444	0.242041	0.000219
299	Processed_l20160826-015528-V0645_Cen-I.fit	2457626.580757	0.243130	0.000219
300	Processed_l20160826-015556-V0645_Cen-I.fit	2457626.581081	0.242054	0.000219
301	Processed_l20160826-015624-V0645_Cen-I.fit	2457626.581405	0.238102	0.000217
302	Processed_l20160826-015652-V0645_Cen-I.fit	2457626.581729	0.241882	0.000218
303	Processed_l20160826-015719-V0645_Cen-I.fit	2457626.582041	0.246063	0.000222
304	Processed_l20160826-015747-V0645_Cen-I.fit	2457626.582365	0.240497	0.000219
305	Processed_l20160826-015814-V0645_Cen-I.fit	2457626.582678	0.237372	0.000216
306	Processed_l20160826-015842-V0645_Cen-I.fit	2457626.583002	0.239263	0.000217
307	Processed_l20160826-015909-V0645_Cen-I.fit	2457626.583314	0.241382	0.000217
308	Processed_l20160826-015937-V0645_Cen-I.fit	2457626.583639	0.240902	0.000219
309	Processed_l20160826-020004-V0645_Cen-I.fit	2457626.583951	0.241609	0.000219
310	Processed_l20160826-020032-V0645_Cen-I.fit	2457626.584275	0.240949	0.000219
311	Processed_l20160826-020059-V0645_Cen-I.fit	2457626.584588	0.240454	0.000217
312	Processed_l20160826-020127-V0645_Cen-I.fit	2457626.584912	0.244951	0.000221
313	Processed_l20160826-020154-V0645_Cen-I.fit	2457626.585236	0.236068	0.000216
314	Processed_l20160826-020222-V0645_Cen-I.fit	2457626.585548	0.235669	0.000216
315	Processed_l20160826-020249-V0645_Cen-I.fit	2457626.585872	0.240313	0.000221
316	Processed_l20160826-020317-V0645_Cen-I.fit	2457626.586185	0.241626	0.000218
317	Processed_l20160826-020344-V0645_Cen-I.fit	2457626.586509	0.237631	0.000216
318	Processed_l20160826-020412-V0645_Cen-I.fit	2457626.586821	0.242989	0.000220
319	Processed_l20160826-020439-V0645_Cen-I.fit	2457626.587134	0.239323	0.000217
320	Processed_l20160826-020507-V0645_Cen-I.fit	2457626.587458	0.239667	0.000220
321	Processed_l20160826-020534-V0645_Cen-I.fit	2457626.587782	0.237953	0.000218
322	Processed_l20160826-020602-V0645_Cen-I.fit	2457626.588094	0.242050	0.000223
323	Processed_l20160826-020630-V0645_Cen-I.fit	2457626.588418	0.241805	0.000219
324	Processed_l20160826-020657-V0645_Cen-I.fit	2457626.588731	0.239943	0.000223
325	Processed_l20160826-020725-V0645_Cen-I.fit	2457626.589055	0.246455	0.000225
326	Processed_l20160826-020752-V0645_Cen-I.fit	2457626.589379	0.236623	0.000217
327	Processed_l20160826-020820-V0645_Cen-I.fit	2457626.589691	0.243271	0.000220
328	Processed_l20160826-020848-V0645_Cen-I.fit	2457626.590015	0.240641	0.000216
329	Processed_l20160826-020915-V0645_Cen-I.fit	2457626.590339	0.245278	0.000221
330	Processed_l20160826-020943-V0645_Cen-I.fit	2457626.590652	0.239781	0.000218
331	Processed_l20160826-021011-V0645_Cen-I.fit	2457626.590976	0.240411	0.000219
332	Processed_l20160826-021038-V0645_Cen-I.fit	2457626.591288	0.240106	0.000219
333	Processed_l20160826-021106-V0645_Cen-I.fit	2457626.591613	0.243059	0.000221
334	Processed_l20160826-021133-V0645_Cen-I.fit	2457626.591937	0.240721	0.000219
335	Processed_l20160826-021201-V0645_Cen-I.fit	2457626.592249	0.239125	0.000217
336	Processed_l20160826-021229-V0645_Cen-I.fit	2457626.592573	0.241243	0.000217
337	Processed_l20160826-021256-V0645_Cen-I.fit	2457626.592886	0.237386	0.000217
338	Processed_l20160826-021324-V0645_Cen-I.fit	2457626.593210	0.238440	0.000216
339	Processed_l20160826-021351-V0645_Cen-I.fit	2457626.593522	0.242254	0.000220
340	Processed_l20160826-021419-V0645_Cen-I.fit	2457626.593846	0.235920	0.000214
341	Processed_l20160826-021447-V0645_Cen-I.fit	2457626.594170	0.237259	0.000217
342	Processed_l20160826-021514-V0645_Cen-I.fit	2457626.594483	0.242215	0.000222
343	Processed_l20160826-021542-V0645_Cen-I.fit	2457626.594807	0.238358	0.000218
344	Processed_l20160826-021609-V0645_Cen-I.fit	2457626.595119	0.237581	0.000215
345	Processed_l20160826-021637-V0645_Cen-I.fit	2457626.595443	0.240853	0.000218
346	Processed_l20160826-021704-V0645_Cen-I.fit	2457626.595756	0.240766	0.000220
347	Processed_l20160826-021732-V0645_Cen-I.fit	2457626.596080	0.239283	0.000217
348	Processed_l20160826-021759-V0645_Cen-I.fit	2457626.596404	0.242139	0.000219
349	Processed_l20160826-021827-V0645_Cen-I.fit	2457626.596716	0.239441	0.000218
350	Processed_l20160826-021854-V0645_Cen-I.fit	2457626.597040	0.243316	0.000222
351	Processed_l20160826-021922-V0645_Cen-I.fit	2457626.597353	0.236923	0.000215
352	Processed_l20160826-021950-V0645_Cen-I.fit	2457626.597677	0.242674	0.000219
353	Processed_l20160826-022017-V0645_Cen-I.fit	2457626.597989	0.240335	0.000220
354	Processed_l20160826-022045-V0645_Cen-I.fit	2457626.598313	0.243657	0.000221
355	Processed_l20160826-022112-V0645_Cen-I.fit	2457626.598626	0.241503	0.000219
356	Processed_l20160826-022140-V0645_Cen-I.fit	2457626.598950	0.243381	0.000222
357	Processed_l20160826-022207-V0645_Cen-I.fit	2457626.599262	0.238743	0.000220
358	Processed_l20160826-022235-V0645_Cen-I.fit	2457626.599586	0.240124	0.000219
359	Processed_l20160826-022302-V0645_Cen-I.fit	2457626.599899	0.245377	0.000223
360	Processed_l20160826-022330-V0645_Cen-I.fit	2457626.600223	0.243166	0.000220
361	Processed_l20160826-022425-V0645_Cen-I.fit	2457626.600860	0.242147	0.000222
362	Processed_l20160826-022452-V0645_Cen-I.fit	2457626.601172	0.238589	0.000219
363	Processed_l20160826-022520-V0645_Cen-I.fit	2457626.601496	0.233433	0.000217
364	Processed_l20160826-022548-V0645_Cen-I.fit	2457626.601820	0.239167	0.000217
365	Processed_l20160826-022615-V0645_Cen-I.fit	2457626.602133	0.240062	0.000221
366	Processed_l20160826-022710-V0645_Cen-I.fit	2457626.602769	0.237992	0.000216
367	Processed_l20160826-022738-V0645_Cen-I.fit	2457626.603093	0.236999	0.000216
368	Processed_l20160826-022806-V0645_Cen-I.fit	2457626.603417	0.238035	0.000216
369	Processed_l20160826-022834-V0645_Cen-I.fit	2457626.603741	0.240276	0.000219
370	Processed_l20160826-022901-V0645_Cen-I.fit	2457626.604054	0.237266	0.000217
371	Processed_l20160826-022929-V0645_Cen-I.fit	2457626.604378	0.237893	0.000215
372	Processed_l20160826-022956-V0645_Cen-I.fit	2457626.604690	0.246735	0.000219
373	Processed_l20160826-023024-V0645_Cen-I.fit	2457626.605014	0.237390	0.000215
374	Processed_l20160826-023051-V0645_Cen-I.fit	2457626.605327	0.240360	0.000219
375	Processed_l20160826-023119-V0645_Cen-I.fit	2457626.605651	0.242242	0.000219
376	Processed_l20160826-023242-V0645_Cen-I.fit	2457626.606611	0.240120	0.000220
377	Processed_l20160826-023310-V0645_Cen-I.fit	2457626.606936	0.242079	0.000222
378	Processed_l20160826-023337-V0645_Cen-I.fit	2457626.607248	0.242696	0.000220
379	Processed_l20160826-023405-V0645_Cen-I.fit	2457626.607572	0.237807	0.000217
380	Processed_l20160826-023433-V0645_Cen-I.fit	2457626.607896	0.242995	0.000220
381	Processed_l20160826-023501-V0645_Cen-I.fit	2457626.608220	0.243531	0.000221
382	Processed_l20160826-023528-V0645_Cen-I.fit	2457626.608533	0.237599	0.000219
383	Processed_l20160826-023556-V0645_Cen-I.fit	2457626.608857	0.244105	0.000222
384	Processed_l20160826-023623-V0645_Cen-I.fit	2457626.609169	0.237761	0.000220
385	Processed_l20160826-023651-V0645_Cen-I.fit	2457626.609493	0.241711	0.000220
386	Processed_l20160826-023718-V0645_Cen-I.fit	2457626.609806	0.237085	0.000219
387	Processed_l20160826-023746-V0645_Cen-I.fit	2457626.610130	0.238838	0.000219
388	Processed_l20160826-023813-V0645_Cen-I.fit	2457626.610442	0.238487	0.000221
389	Processed_l20160826-023841-V0645_Cen-I.fit	2457626.610766	0.241342	0.000221
390	Processed_l20160826-023909-V0645_Cen-I.fit	2457626.611090	0.239503	0.000220
391	Processed_l20160826-023936-V0645_Cen-I.fit	2457626.611403	0.240434	0.000221
392	Processed_l20160826-024004-V0645_Cen-I.fit	2457626.611727	0.238154	0.000220
393	Processed_l20160826-024031-V0645_Cen-I.fit	2457626.612039	0.241994	0.000222
394	Processed_l20160826-024059-V0645_Cen-I.fit	2457626.612363	0.242185	0.000223
395	Processed_l20160826-024126-V0645_Cen-I.fit	2457626.612676	0.242680	0.000223
396	Processed_l20160826-024154-V0645_Cen-I.fit	2457626.613000	0.236943	0.000221
397	Processed_l20160826-024221-V0645_Cen-I.fit	2457626.613312	0.237300	0.000220
398	Processed_l20160826-024249-V0645_Cen-I.fit	2457626.613636	0.242402	0.000222
399	Processed_l20160826-024316-V0645_Cen-I.fit	2457626.613960	0.237116	0.000219
400	Processed_l20160826-024344-V0645_Cen-I.fit	2457626.614273	0.239183	0.000221
401	Processed_l20160826-024412-V0645_Cen-I.fit	2457626.614597	0.234345	0.000219
402	Processed_l20160826-024440-V0645_Cen-I.fit	2457626.614921	0.239075	0.000221
403	Processed_l20160826-024507-V0645_Cen-I.fit	2457626.615234	0.237355	0.000219
404	Processed_l20160826-024535-V0645_Cen-I.fit	2457626.615558	0.240479	0.000221
405	Processed_l20160826-024602-V0645_Cen-I.fit	2457626.615882	0.241057	0.000221
406	Processed_l20160826-024630-V0645_Cen-I.fit	2457626.616194	0.249074	0.000228
407	Processed_l20160826-024658-V0645_Cen-I.fit	2457626.616518	0.238655	0.000220
408	Processed_l20160826-024725-V0645_Cen-I.fit	2457626.616831	0.236221	0.000221
409	Processed_l20160826-024753-V0645_Cen-I.fit	2457626.617155	0.240125	0.000222
410	Processed_l20160826-024821-V0645_Cen-I.fit	2457626.617479	0.241540	0.000222
411	Processed_l20160826-024848-V0645_Cen-I.fit	2457626.617791	0.242666	0.000222
412	Processed_l20160826-024916-V0645_Cen-I.fit	2457626.618115	0.244535	0.000225
413	Processed_l20160826-024943-V0645_Cen-I.fit	2457626.618428	0.242069	0.000223
414	Processed_l20160826-025011-V0645_Cen-I.fit	2457626.618752	0.240996	0.000220
415	Processed_l20160826-025038-V0645_Cen-I.fit	2457626.619064	0.244366	0.000221
416	Processed_l20160826-025106-V0645_Cen-I.fit	2457626.619388	0.238142	0.000220
417	Processed_l20160826-025134-V0645_Cen-I.fit	2457626.619712	0.244861	0.000222
418	Processed_l20160826-025229-V0645_Cen-I.fit	2457626.620349	0.242353	0.000221
419	Processed_l20160826-025257-V0645_Cen-I.fit	2457626.620673	0.244259	0.000224
420	Processed_l20160826-025324-V0645_Cen-I.fit	2457626.620985	0.242465	0.000221
421	Processed_l20160826-025352-V0645_Cen-I.fit	2457626.621310	0.238728	0.000220
422	Processed_l20160826-025419-V0645_Cen-I.fit	2457626.621622	0.241204	0.000220
423	Processed_l20160826-025447-V0645_Cen-I.fit	2457626.621946	0.236228	0.000217
424	Processed_l20160826-025514-V0645_Cen-I.fit	2457626.622259	0.242185	0.000222
425	Processed_l20160826-025542-V0645_Cen-I.fit	2457626.622583	0.240671	0.000220
426	Processed_l20160826-025610-V0645_Cen-I.fit	2457626.622907	0.236235	0.000218
427	Processed_l20160826-025637-V0645_Cen-I.fit	2457626.623219	0.239279	0.000220
428	Processed_l20160826-025705-V0645_Cen-I.fit	2457626.623543	0.239720	0.000221
429	Processed_l20160826-025733-V0645_Cen-I.fit	2457626.623867	0.244921	0.000222
430	Processed_l20160826-025800-V0645_Cen-I.fit	2457626.624180	0.237669	0.000219
431	Processed_l20160826-025828-V0645_Cen-I.fit	2457626.624504	0.239808	0.000219
432	Processed_l20160826-025855-V0645_Cen-I.fit	2457626.624816	0.239688	0.000221
433	Processed_l20160826-025923-V0645_Cen-I.fit	2457626.625140	0.239532	0.000220
434	Processed_l20160826-025951-V0645_Cen-I.fit	2457626.625464	0.243975	0.000222
435	Processed_l20160826-030018-V0645_Cen-I.fit	2457626.625777	0.241093	0.000220
436	Processed_l20160826-030046-V0645_Cen-I.fit	2457626.626101	0.240593	0.000220
437	Processed_l20160826-030113-V0645_Cen-I.fit	2457626.626413	0.239808	0.000220
438	Processed_l20160826-030141-V0645_Cen-I.fit	2457626.626737	0.233750	0.000216
439	Processed_l20160826-030208-V0645_Cen-I.fit	2457626.627061	0.242842	0.000219
440	Processed_l20160826-030236-V0645_Cen-I.fit	2457626.627374	0.243713	0.000221
